===== please wait for opencv camera calibration using aprilgrid =====
ret : 

0.565537382544
Camera matrix : 

[[ 2816.00289906     0.           546.95457762]
 [    0.          2768.157947     411.61134966]
 [    0.             0.             1.        ]]
dist : 

[[  -0.03215822    5.70811837    0.02117403    0.03678873 -113.24913546]]
rvecs : 

[array([[ 2.21902792],
       [-2.17841458],
       [-0.03905932]]), array([[ 2.08252314],
       [-2.12624356],
       [-0.11347774]]), array([[ 2.10554928],
       [-2.07443804],
       [-0.21241955]]), array([[ 2.11270408],
       [-2.11414148],
       [-0.1321012 ]]), array([[ 2.0759264 ],
       [-2.05457992],
       [-0.22177899]]), array([[-2.04440834],
       [-1.99047499],
       [ 0.11978868]]), array([[-2.11582338],
       [-2.03442333],
       [ 0.22833441]]), array([[ 2.18324545],
       [ 2.09271981],
       [ 0.23681655]]), array([[ 2.09148342],
       [ 2.01112278],
       [ 0.29171765]]), array([[-2.06664703],
       [-2.01042994],
       [ 0.10318402]]), array([[-2.13999679],
       [-2.06581021],
       [ 0.24482874]]), array([[-2.13493345],
       [-2.08031281],
       [ 0.27828579]]), array([[-2.24646726],
       [ 2.02759971],
       [ 0.18322057]]), array([[ 2.15535206],
       [-2.20604775],
       [-0.17047935]]), array([[ 2.11855055],
       [-2.12461059],
       [-0.13437928]]), array([[ 2.13519902],
       [-2.17735593],
       [-0.10046448]]), array([[-2.12603359],
       [ 2.15354526],
       [-0.08718978]]), array([[ 2.16095266],
       [-2.18665224],
       [-0.33200622]]), array([[-1.98676896],
       [ 2.03321816],
       [-0.00451084]]), array([[ 2.19668004],
       [-2.22432517],
       [-0.0797773 ]]), array([[ 2.29731996],
       [ 2.24156624],
       [ 0.0296546 ]]), array([[ 2.08431026],
       [ 1.99260673],
       [ 0.16551516]]), array([[-2.0458461 ],
       [-1.9973383 ],
       [ 0.22843984]]), array([[ 2.15366786],
       [ 2.04960241],
       [ 0.19604804]]), array([[-2.04070371],
       [-1.97174988],
       [ 0.34234745]]), array([[-2.10693581],
       [-2.02706794],
       [ 0.28168842]]), array([[-2.1189546 ],
       [-1.94342638],
       [ 0.20747362]]), array([[-2.07365935],
       [-1.93618838],
       [ 0.14442198]]), array([[-2.06353825],
       [-1.90440771],
       [ 0.13990953]]), array([[-2.09517518],
       [-1.91922054],
       [ 0.11751792]]), array([[-2.10266524],
       [-2.06238157],
       [ 0.24018375]]), array([[ 2.14404505],
       [ 2.0392775 ],
       [ 0.35583834]]), array([[ 2.23916415],
       [ 2.11446226],
       [ 0.15769923]]), array([[ 2.09559193],
       [-2.13615006],
       [-0.13430823]]), array([[ 2.19503985],
       [-2.23716646],
       [-0.2850514 ]]), array([[ 2.13799768],
       [-2.14834568],
       [-0.29174863]]), array([[-2.16518221],
       [-2.09097954],
       [ 0.01609363]]), array([[ 2.14577298],
       [ 2.04728917],
       [ 0.28176239]]), array([[ 2.17333063],
       [ 2.08781669],
       [ 0.33695481]]), array([[-2.19616708],
       [-2.09110987],
       [ 0.44319313]]), array([[ 2.08533703],
       [-2.1210481 ],
       [-0.24763989]]), array([[ 2.17152576],
       [-2.18964812],
       [-0.21177896]]), array([[ 2.15489546],
       [-2.19239457],
       [-0.18690203]]), array([[ 2.15692585],
       [-2.17974862],
       [-0.27884839]]), array([[ 2.07524082],
       [-2.10140057],
       [-0.40634944]]), array([[-2.12888667],
       [-2.06185285],
       [ 0.15919511]]), array([[-2.10360678],
       [-2.0322111 ],
       [-0.05013541]]), array([[ 2.15019801],
       [ 2.05067667],
       [ 0.27527495]]), array([[ 2.16016976],
       [ 2.06886181],
       [ 0.29047577]]), array([[ 2.15502465],
       [ 2.06663123],
       [ 0.28163994]]), array([[ 2.17271618],
       [ 2.06137061],
       [ 0.26608261]]), array([[ 2.16532627],
       [-2.11038698],
       [-0.39602078]]), array([[ 2.17972194],
       [-2.19616917],
       [-0.32986039]]), array([[-2.21980534],
       [ 2.16692349],
       [ 0.15550719]]), array([[ 2.17249467],
       [-2.23130537],
       [-0.11731286]]), array([[ 1.54885377],
       [-2.54031994],
       [ 0.13044893]]), array([[ 1.32416911],
       [-2.63892171],
       [-0.29424682]]), array([[ 1.4047194 ],
       [-2.63007231],
       [-0.02989785]]), array([[-2.04481052],
       [-1.97824666],
       [ 0.21173287]]), array([[-2.09081976],
       [-2.02479161],
       [ 0.16041986]]), array([[-2.16468319],
       [-2.09685481],
       [ 0.0376479 ]]), array([[-2.15204875],
       [-2.08607192],
       [ 0.17892885]]), array([[ 2.08004677],
       [-2.16187939],
       [ 0.00626841]]), array([[ 2.14669666],
       [-2.17740898],
       [-0.30326851]]), array([[ 2.13903098],
       [-2.1417938 ],
       [-0.32508508]]), array([[ 1.88802801],
       [-2.44247007],
       [-0.36946318]]), array([[ 2.15747731],
       [-2.1732466 ],
       [-0.28599927]]), array([[-2.1250478 ],
       [-2.07022355],
       [ 0.18469581]]), array([[-2.11087952],
       [-1.97953827],
       [-0.0435526 ]]), array([[-2.11646285],
       [-2.08959824],
       [ 0.28997924]]), array([[-2.08284029],
       [-2.01903314],
       [ 0.28786708]]), array([[-2.08945476],
       [-2.00364456],
       [-0.0242372 ]]), array([[-2.10920116],
       [-2.04009774],
       [-0.03411479]]), array([[-2.0564089 ],
       [-1.97373563],
       [ 0.07185525]]), array([[-2.08604278],
       [-2.04883187],
       [ 0.27872397]]), array([[ 2.09634798],
       [ 2.0077125 ],
       [ 0.14470334]]), array([[-2.09038224],
       [-1.97092117],
       [-0.09217573]]), array([[ 3.05806133],
       [ 0.07826373],
       [-0.33913522]]), array([[ 3.1992626 ],
       [ 0.06242175],
       [-0.44338617]]), array([[ 3.26153253],
       [ 0.17555252],
       [-0.4259625 ]]), array([[-3.13167871],
       [ 0.3628215 ],
       [ 0.37327715]]), array([[-3.00438409],
       [ 0.3519577 ],
       [ 0.19617947]]), array([[ 2.29380166],
       [-2.2261364 ],
       [ 0.17111583]]), array([[-2.30555395],
       [ 2.18845731],
       [ 0.2998539 ]]), array([[ 2.07762129],
       [-2.03509556],
       [-0.34913503]]), array([[ 2.11981081],
       [-2.13361163],
       [-0.25307366]]), array([[ 2.22807579],
       [-2.14124797],
       [-0.2028074 ]]), array([[ 2.21161893],
       [-2.17594191],
       [-0.26467416]]), array([[ 2.15623404],
       [-2.11476246],
       [-0.25978999]]), array([[ 2.17448559],
       [-2.06093481],
       [-0.11300952]]), array([[ 2.25751939],
       [-2.07031125],
       [-0.29783695]]), array([[ 1.90609833],
       [-2.06431957],
       [-0.22902303]]), array([[ 2.06829828],
       [-2.09121443],
       [-0.34121469]]), array([[ 2.1206961 ],
       [-2.14319736],
       [-0.27275319]]), array([[ 2.11722616],
       [-2.14719003],
       [-0.22138136]]), array([[ 2.17518984],
       [ 2.08114208],
       [ 0.15239213]]), array([[-2.16715001],
       [-2.06975113],
       [ 0.35450465]]), array([[-2.11748297],
       [-2.04053908],
       [ 0.08242912]]), array([[-2.17423668],
       [-2.10304746],
       [ 0.00274283]]), array([[-2.11052914],
       [-2.03863709],
       [ 0.10115   ]]), array([[ 2.19336897],
       [ 2.0972023 ],
       [ 0.22432997]]), array([[-2.08515958],
       [-1.98933172],
       [ 0.26194012]]), array([[-2.07921463],
       [-2.00582707],
       [ 0.17484141]]), array([[-2.10337285],
       [-1.98504017],
       [ 0.16150802]]), array([[-2.06340525],
       [-2.04247309],
       [-0.03655003]]), array([[-2.21556298],
       [-2.13395011],
       [-0.00383935]])]
tvecs : 

[array([[-0.93549832],
       [ 0.50374153],
       [ 8.77707519]]), array([[ 0.20695036],
       [ 0.50421698],
       [ 9.09966323]]), array([[ 1.16470724],
       [ 0.39753949],
       [ 9.15924563]]), array([[ 1.15695822],
       [-0.21877782],
       [ 9.12917609]]), array([[ 0.65598667],
       [-0.29001665],
       [ 9.22590538]]), array([[ 0.13577088],
       [-1.18344362],
       [ 9.18654459]]), array([[-0.92163258],
       [-1.18176142],
       [ 9.71938018]]), array([[ 0.92474481],
       [-1.21023623],
       [ 9.80909565]]), array([[  1.20257871],
       [ -1.27181202],
       [ 11.42237866]]), array([[  0.42828139],
       [ -1.27124145],
       [ 11.8140195 ]]), array([[ -1.55926623],
       [ -1.22659584],
       [ 11.98881255]]), array([[ -2.32859819],
       [ -1.22003253],
       [ 12.30287042]]), array([[ -1.69842284],
       [ -0.21133079],
       [ 12.35502911]]), array([[ -0.4905486 ],
       [  0.46351255],
       [ 11.49736321]]), array([[  0.96588124],
       [ -0.01261127],
       [ 10.32942886]]), array([[  1.41946839],
       [ -0.54666272],
       [ 10.51609623]]), array([[  1.86503646],
       [  0.35819456],
       [ 12.52735468]]), array([[  1.11881552],
       [  0.37879963],
       [ 12.74261554]]), array([[ -1.06740302],
       [  0.37148329],
       [ 13.75712514]]), array([[ -1.66327253],
       [  0.3953651 ],
       [ 13.77519866]]), array([[ -2.20304384],
       [ -1.2709459 ],
       [ 13.52053095]]), array([[ -1.38264594],
       [ -1.25304018],
       [ 12.88853835]]), array([[  0.80005588],
       [ -1.33354   ],
       [ 13.28716087]]), array([[  1.34987582],
       [ -1.34355903],
       [ 13.5408045 ]]), array([[  1.38073811],
       [ -2.11570829],
       [ 16.05560389]]), array([[  0.61622042],
       [ -2.09347148],
       [ 16.04516082]]), array([[ -0.30411468],
       [ -2.06392365],
       [ 16.22565034]]), array([[ -1.59729103],
       [ -2.06945896],
       [ 16.31898359]]), array([[ -2.27651107],
       [ -2.04241475],
       [ 16.41573299]]), array([[ -2.7714007 ],
       [ -2.09379761],
       [ 16.99426047]]), array([[ -2.68207216],
       [ -1.38691147],
       [ 17.31026732]]), array([[  1.388307  ],
       [ -1.45413615],
       [ 17.06119005]]), array([[  1.94556389],
       [ -1.48163535],
       [ 17.55846389]]), array([[  2.05526765],
       [  0.29702994],
       [ 15.07431649]]), array([[  1.42484502],
       [  0.30171696],
       [ 15.22853943]]), array([[ -1.78795075],
       [  0.33778621],
       [ 16.11114223]]), array([[ -2.12509582],
       [ -1.29151553],
       [ 14.12472481]]), array([[  0.1742739 ],
       [ -1.30744695],
       [ 13.42826783]]), array([[  0.81990129],
       [ -1.30362209],
       [ 12.99102177]]), array([[  1.19267383],
       [ -1.27714269],
       [ 12.46301331]]), array([[ 1.36747435],
       [ 0.53344142],
       [ 7.56540375]]), array([[ 0.82156361],
       [ 0.54324719],
       [ 7.84000449]]), array([[ 0.23508466],
       [ 0.54724948],
       [ 7.96346942]]), array([[-0.36028634],
       [ 0.54814202],
       [ 8.14055238]]), array([[-0.71472907],
       [ 0.55096897],
       [ 8.25922231]]), array([[-1.65068866],
       [-1.13157302],
       [ 8.03981612]]), array([[-1.15558889],
       [-1.11618779],
       [ 7.78837544]]), array([[-0.63292418],
       [-1.12304851],
       [ 7.64366789]]), array([[-0.19079734],
       [-1.13314566],
       [ 7.73108855]]), array([[ 0.22438964],
       [-1.13667738],
       [ 7.54691338]]), array([[ 0.59739662],
       [-1.15551236],
       [ 7.61392804]]), array([[ 1.09056701],
       [ 0.10312656],
       [ 7.7227835 ]]), array([[ 0.63941233],
       [ 0.09844343],
       [ 7.94817571]]), array([[-0.41638362],
       [ 0.12564753],
       [ 8.4876517 ]]), array([[-0.83045362],
       [ 0.10580015],
       [ 8.52658529]]), array([[ -1.02593288],
       [ -0.4678451 ],
       [ 10.57597888]]), array([[ 1.24704304],
       [-0.54984312],
       [ 9.85225869]]), array([[  1.77300742],
       [ -0.53555972],
       [ 10.00826109]]), array([[ 0.64367291],
       [-1.22587805],
       [ 9.84741586]]), array([[ 0.18407279],
       [-1.21749674],
       [ 9.96024012]]), array([[-1.38353684],
       [-1.19283531],
       [ 9.98016822]]), array([[-1.94231393],
       [-1.18594823],
       [ 9.95196707]]), array([[ -0.84760223],
       [  0.43963181],
       [ 10.18881637]]), array([[ -1.56248215],
       [  0.43449655],
       [ 12.32886501]]), array([[  1.55682735],
       [  0.20029498],
       [ 11.79873634]]), array([[  1.76538496],
       [  0.08018379],
       [ 12.30869752]]), array([[  1.44034683],
       [  0.32772231],
       [ 14.48160987]]), array([[ -2.48201934],
       [ -1.3414844 ],
       [ 15.54847983]]), array([[  1.52241699],
       [ -1.40650666],
       [ 15.90773048]]), array([[  1.31683804],
       [ -1.85343912],
       [ 14.92821928]]), array([[  0.75483501],
       [ -1.81550868],
       [ 14.59965565]]), array([[ -1.88116674],
       [ -1.71896063],
       [ 14.43958903]]), array([[ -2.46767223],
       [ -1.71004255],
       [ 14.4957837 ]]), array([[ -2.80446451],
       [ -1.71982302],
       [ 14.47419398]]), array([[ -2.79143883],
       [ -1.34495546],
       [ 15.77989209]]), array([[ -1.97460736],
       [ -1.31082589],
       [ 14.40820718]]), array([[  0.89448046],
       [ -1.32614693],
       [ 13.72127789]]), array([[ -1.82528746],
       [  0.31394358],
       [ 12.91013418]]), array([[  0.99057852],
       [  0.2704664 ],
       [ 12.04297752]]), array([[ 0.43113022],
       [ 0.33396026],
       [ 9.59990638]]), array([[ 0.46269722],
       [-0.1244142 ],
       [ 9.43867675]]), array([[-1.43909279],
       [-0.1167806 ],
       [ 9.88254284]]), array([[-0.5323909 ],
       [-0.01195834],
       [ 7.77146398]]), array([[ 0.32916741],
       [ 0.03218653],
       [ 7.31563395]]), array([[ 1.15802754],
       [-0.00653849],
       [ 7.15784915]]), array([[ 0.85084342],
       [ 0.0444889 ],
       [ 5.44140631]]), array([[ 0.33310885],
       [ 0.04393889],
       [ 5.68199101]]), array([[-0.19362855],
       [ 0.05826085],
       [ 5.41784751]]), array([[ 0.03296385],
       [ 0.11098542],
       [ 4.6535781 ]]), array([[-0.76102131],
       [ 0.00293651],
       [ 8.93757569]]), array([[ 1.40282775],
       [-0.05837944],
       [ 9.18650974]]), array([[ 1.16212631],
       [-0.3514612 ],
       [ 8.72378538]]), array([[ -0.84154965],
       [  0.46821553],
       [ 11.42642785]]), array([[ -1.54102325],
       [  0.44691593],
       [ 11.79265314]]), array([[  1.21954059],
       [  0.41914582],
       [ 10.88619964]]), array([[  1.18938628],
       [ -1.27574326],
       [ 11.0261794 ]]), array([[  0.64122649],
       [ -1.23012848],
       [ 10.98409399]]), array([[ -1.25533736],
       [ -1.24597508],
       [ 12.06162761]]), array([[ -1.96367661],
       [ -1.24732144],
       [ 12.3924825 ]]), array([[ -2.07454075],
       [ -1.31185999],
       [ 14.50952822]]), array([[  1.14944162],
       [ -1.36663061],
       [ 15.79372819]]), array([[  0.11860429],
       [ -2.22104047],
       [ 16.3161611 ]]), array([[ -0.60798272],
       [ -2.22673433],
       [ 16.67151499]]), array([[ -2.18319207],
       [ -2.22388306],
       [ 17.30074124]]), array([[ -2.52443279],
       [ -2.22988662],
       [ 17.12766114]]), array([[ -2.55405234],
       [ -1.76368766],
       [ 15.88506488]])]
===== opencv end =====