===== please wait for opencv camera calibration using aprilgrid =====
ret : 

0.162415119648
Camera matrix : 

[[ 370.67300955    0.          320.10514957]
 [   0.          370.11622714  257.51515382]
 [   0.            0.            1.        ]]
dist : 

[[-0.28554515  0.09904076 -0.00016342  0.00002925 -0.01664217]]
rvecs : 

[array([[ 3.02284055],
       [-0.11367882],
       [ 0.46819975]]), array([[ 3.01661277],
       [-0.10969063],
       [ 0.47673267]]), array([[ 3.01473437],
       [-0.10620511],
       [ 0.46699375]]), array([[ 3.00034366],
       [-0.10039348],
       [ 0.43723435]]), array([[ 3.00991532],
       [-0.15133651],
       [ 0.2901654 ]]), array([[ 2.78407822],
       [ 0.07683191],
       [ 0.6960452 ]]), array([[ 2.73921899],
       [-0.03521076],
       [ 0.94746455]]), array([[ 2.86891549],
       [-0.15601435],
       [ 0.75413465]]), array([[ 2.871374  ],
       [-0.13389924],
       [ 0.41398585]]), array([[ 2.92126873],
       [-0.1326526 ],
       [ 0.42427647]]), array([[ 2.91529021],
       [-0.09084688],
       [ 0.26961175]]), array([[ 2.96018936],
       [-0.02177298],
       [ 0.42674702]]), array([[ 2.92880231],
       [ 0.00290379],
       [ 0.43417156]]), array([[ 2.94713744],
       [-0.07547697],
       [ 0.40165529]]), array([[ 2.85015846],
       [-0.3165469 ],
       [ 0.42106639]]), array([[ 2.71812319],
       [-0.2396006 ],
       [ 0.4935159 ]]), array([[ 2.5136652 ],
       [-0.0483376 ],
       [ 0.61611746]]), array([[ 2.54111242],
       [ 0.09750566],
       [ 0.55673089]]), array([[ 2.40123198],
       [ 0.10488897],
       [ 0.44105367]]), array([[ 2.46461434],
       [ 0.10313578],
       [ 0.28587235]]), array([[ 2.55061653],
       [ 0.13353662],
       [ 0.28356741]]), array([[ 2.59698543],
       [ 0.10138906],
       [ 0.27683708]]), array([[ 2.81845121],
       [-0.3882746 ],
       [ 0.00877453]]), array([[ 2.92381929],
       [-0.67883115],
       [-0.37237248]]), array([[-2.92264153],
       [ 1.04903137],
       [ 0.36033543]]), array([[-2.87671884],
       [ 1.12088572],
       [ 0.34503298]]), array([[-2.90256477],
       [ 1.11835516],
       [ 0.36149235]]), array([[-2.91102983],
       [ 1.1130752 ],
       [ 0.35219401]]), array([[-2.91591412],
       [ 1.12475692],
       [ 0.37157946]]), array([[-3.11695333],
       [ 0.98401348],
       [ 0.55829244]]), array([[ 2.74450102],
       [-0.39110852],
       [-0.42339232]]), array([[ 3.0369696 ],
       [-0.21527761],
       [ 0.26999256]]), array([[ 3.14455731],
       [-0.13607558],
       [ 0.81565919]]), array([[ 3.04777699],
       [-0.03533487],
       [ 0.98328035]]), array([[ 2.95192054],
       [-0.00245041],
       [ 1.10266472]]), array([[ 2.95158778],
       [ 0.00521872],
       [ 1.11005512]]), array([[ 2.96808871],
       [-0.00413384],
       [ 1.08518974]]), array([[ 3.04603945],
       [-0.15956975],
       [ 0.87909186]]), array([[ 2.95102036],
       [-0.26863139],
       [ 0.32916886]]), array([[ 2.57768889],
       [ 0.03635625],
       [ 0.20480916]]), array([[ 2.39476114],
       [ 0.21421205],
       [-0.04983044]]), array([[ 2.60208072],
       [ 0.05140214],
       [-0.15313374]]), array([[ 2.63009682],
       [ 0.00861458],
       [-0.22028961]]), array([[ 2.66829739],
       [ 0.00266206],
       [-0.15939348]]), array([[ 2.66748789],
       [-0.01556047],
       [-0.15163702]]), array([[ 2.67631989],
       [-0.02465953],
       [-0.15023689]]), array([[ 2.66718958],
       [-0.0543586 ],
       [-0.18129734]]), array([[ 2.64209801],
       [-0.08167923],
       [-0.24319787]]), array([[ 2.65972889],
       [-0.16841135],
       [-0.3888055 ]]), array([[ 2.74188443],
       [-0.36891554],
       [-0.64438964]]), array([[-2.81088802],
       [ 1.11392826],
       [ 0.80155554]]), array([[-2.18814129],
       [ 1.64000588],
       [ 0.58540443]]), array([[-1.98464578],
       [ 1.86795532],
       [ 0.44975458]]), array([[-1.89322115],
       [ 1.94976121],
       [ 0.52574072]]), array([[-1.84528084],
       [ 2.06017305],
       [ 0.62231121]]), array([[-1.83825729],
       [ 2.04721304],
       [ 0.6249912 ]]), array([[-1.83439588],
       [ 2.03697105],
       [ 0.63523803]]), array([[-1.89966961],
       [ 2.018919  ],
       [ 0.69155349]]), array([[-2.29036916],
       [ 1.86657071],
       [ 0.78756346]]), array([[-2.97723385],
       [ 1.1281714 ],
       [ 0.68264361]]), array([[ 2.6275557 ],
       [-0.0689154 ],
       [-0.53776009]]), array([[ 2.45872049],
       [ 0.1063493 ],
       [-0.45103511]]), array([[ 2.42621821],
       [ 0.0453334 ],
       [-0.47307329]]), array([[ 2.58241388],
       [-0.05397785],
       [-0.51231586]]), array([[-2.87897714],
       [ 0.71343759],
       [ 0.4797054 ]]), array([[-2.23154579],
       [ 1.36813173],
       [ 0.26195001]]), array([[-1.93295589],
       [ 1.61948134],
       [-0.04361895]]), array([[-1.71504111],
       [ 1.74850023],
       [-0.17868441]]), array([[-1.73720035],
       [ 1.76830829],
       [-0.36522932]]), array([[-1.67921112],
       [ 1.78276824],
       [-0.4194464 ]]), array([[-1.68948226],
       [ 1.75807146],
       [-0.51627876]]), array([[-1.70274869],
       [ 1.76379428],
       [-0.5725522 ]]), array([[-1.72748213],
       [ 1.77932394],
       [-0.56527376]]), array([[-2.04728421],
       [ 1.87001597],
       [-0.39487689]]), array([[-2.48672558],
       [ 1.8755539 ],
       [-0.00184732]]), array([[-2.98482028],
       [ 1.38501439],
       [ 0.33034144]]), array([[-2.88215872],
       [ 0.89672244],
       [ 0.25678005]]), array([[-2.56341887],
       [ 0.8287225 ],
       [ 0.22364538]]), array([[-2.44799248],
       [ 0.86376545],
       [ 0.27228922]]), array([[-2.42503095],
       [ 0.88815169],
       [ 0.28231654]]), array([[-2.41345994],
       [ 0.89982803],
       [ 0.27565403]]), array([[-2.3951169 ],
       [ 0.93539592],
       [ 0.27504415]]), array([[-2.37314858],
       [ 0.98004667],
       [ 0.28884135]]), array([[-2.29065989],
       [ 1.23383008],
       [ 0.36008085]]), array([[-1.99511985],
       [ 1.63734304],
       [ 0.42877215]]), array([[-1.88904477],
       [ 1.83500157],
       [ 0.49637752]]), array([[-1.54394287],
       [ 2.03175563],
       [ 0.55101951]]), array([[-1.2223695 ],
       [ 2.09299764],
       [ 0.61348425]]), array([[-1.18215715],
       [ 2.03729555],
       [ 0.69854656]]), array([[-1.16593016],
       [ 2.01900157],
       [ 0.74070638]]), array([[-1.17610292],
       [ 2.00133927],
       [ 0.74047782]]), array([[-1.19699282],
       [ 2.00908691],
       [ 0.73177625]]), array([[-1.46388215],
       [ 1.96877923],
       [ 0.73210622]]), array([[-2.150908  ],
       [ 1.94628683],
       [ 0.82953745]]), array([[-2.173674  ],
       [ 2.01354036],
       [ 1.10219215]]), array([[-2.28364039],
       [ 2.0430488 ],
       [ 1.12940866]]), array([[-2.2960697 ],
       [ 2.12478965],
       [ 1.1018702 ]]), array([[-2.2797739 ],
       [ 2.13269048],
       [ 1.05227325]]), array([[-2.28971719],
       [ 1.97781305],
       [ 0.84057975]]), array([[-2.27053425],
       [ 1.95523095],
       [ 0.47773302]]), array([[-1.96892552],
       [ 1.81111254],
       [-0.24387174]]), array([[-1.47678008],
       [ 1.64374193],
       [-0.55991237]]), array([[-1.38837729],
       [ 1.56410341],
       [-0.55159117]]), array([[-1.37308612],
       [ 1.57616498],
       [-0.52547517]]), array([[-1.38175825],
       [ 1.5826184 ],
       [-0.48848638]]), array([[-1.42333731],
       [ 1.58448256],
       [-0.49825657]]), array([[-1.42963384],
       [ 1.59663635],
       [-0.50554236]]), array([[-1.44399583],
       [ 1.60494076],
       [-0.50374185]]), array([[-1.44952241],
       [ 1.61187428],
       [-0.44766029]]), array([[-1.43870998],
       [ 1.60288774],
       [-0.19244556]]), array([[-1.3481573 ],
       [ 1.50844929],
       [ 0.09695462]]), array([[-1.24535087],
       [ 1.5520332 ],
       [ 0.21275409]]), array([[-1.38374769],
       [ 1.69146724],
       [ 0.2301551 ]]), array([[-1.48880423],
       [ 1.92463665],
       [ 0.44695402]]), array([[-1.50387385],
       [ 2.04483031],
       [ 0.60824114]]), array([[-1.47796809],
       [ 2.04824653],
       [ 0.59997882]]), array([[-1.47545864],
       [ 2.03429309],
       [ 0.58462499]]), array([[-1.48187883],
       [ 2.03139818],
       [ 0.58104039]]), array([[-1.5069341 ],
       [ 2.06271027],
       [ 0.55512657]]), array([[-1.70516442],
       [ 2.26305005],
       [ 0.41808414]]), array([[-1.96312022],
       [ 2.34021349],
       [ 0.23617427]]), array([[-2.02660453],
       [ 2.31970513],
       [ 0.19950743]]), array([[-2.01690289],
       [ 2.31601907],
       [ 0.17455836]]), array([[-2.08744236],
       [ 2.32598544],
       [ 0.03360825]]), array([[-2.22717741],
       [ 2.27702192],
       [-0.15185818]]), array([[-2.37802622],
       [ 2.05954241],
       [-0.29111588]]), array([[-2.29965306],
       [ 1.80914292],
       [-0.47267049]]), array([[-2.11924075],
       [ 1.70724099],
       [-0.48351706]]), array([[-2.09601661],
       [ 1.76579043],
       [-0.56704963]]), array([[-2.13964974],
       [ 1.75588386],
       [-0.57590135]]), array([[-2.16862622],
       [ 1.74056769],
       [-0.58497229]]), array([[-2.18597497],
       [ 1.73839489],
       [-0.5980043 ]]), array([[-2.30865829],
       [ 1.68630309],
       [-0.55451608]]), array([[-2.22740161],
       [ 1.38793757],
       [-0.65545638]]), array([[-2.12872663],
       [ 1.21897752],
       [-0.40262677]]), array([[-2.23741947],
       [ 1.16511582],
       [-0.04770938]]), array([[-2.25519321],
       [ 1.08886976],
       [ 0.05330116]]), array([[-2.25443877],
       [ 1.08945794],
       [ 0.08245914]]), array([[-2.24545699],
       [ 1.10182066],
       [ 0.08508502]]), array([[-2.24534209],
       [ 1.10684049],
       [ 0.0861939 ]]), array([[-2.24105179],
       [ 1.11767343],
       [ 0.08812961]]), array([[-2.23214769],
       [ 1.12969905],
       [ 0.09026026]]), array([[-2.0906681 ],
       [ 1.30781631],
       [ 0.22936331]]), array([[-1.95998549],
       [ 1.53987271],
       [ 0.41521458]]), array([[-2.01855414],
       [ 1.89466451],
       [ 0.42500552]]), array([[-2.28487745],
       [ 2.05952764],
       [ 0.30907339]]), array([[-2.40414886],
       [ 2.06624862],
       [ 0.13255276]]), array([[-2.38903095],
       [ 1.98748963],
       [ 0.02726148]]), array([[-2.21907614],
       [ 1.94490796],
       [ 0.12086754]]), array([[-2.1820246 ],
       [ 1.92274244],
       [ 0.17197911]]), array([[-2.18958975],
       [ 1.90509826],
       [ 0.16670113]]), array([[-2.19446176],
       [ 1.8990701 ],
       [ 0.14055626]]), array([[-2.22348827],
       [ 1.89124539],
       [ 0.08665857]]), array([[-2.27217323],
       [ 1.86952863],
       [ 0.0459224 ]]), array([[-2.30341423],
       [ 1.95258013],
       [-0.01989091]]), array([[-2.44207793],
       [ 2.06373675],
       [-0.24578606]]), array([[-2.54067501],
       [ 2.02152517],
       [-0.48245846]]), array([[-2.47902368],
       [ 2.13164465],
       [-0.56650013]]), array([[-2.48724301],
       [ 2.13154592],
       [-0.64167877]]), array([[-2.49946702],
       [ 2.00826427],
       [-0.71461899]]), array([[-2.47382477],
       [ 2.02594473],
       [-0.71156575]]), array([[-2.4656861 ],
       [ 1.98274398],
       [-0.73504577]]), array([[ 2.40354147],
       [-1.73909439],
       [ 0.91214328]]), array([[-2.17230175],
       [ 1.65067591],
       [-0.89103498]]), array([[-2.19095666],
       [ 1.6669302 ],
       [-0.85496419]]), array([[-2.20499394],
       [ 1.67487774],
       [-0.83962663]]), array([[-2.06276858],
       [ 1.62057889],
       [-0.66677072]]), array([[-1.91889719],
       [ 1.64685365],
       [-0.45356749]]), array([[-1.95987187],
       [ 1.67375233],
       [-0.33082892]]), array([[-2.20142277],
       [ 1.72228062],
       [-0.47874829]]), array([[ 2.5718866 ],
       [-1.56057038],
       [ 0.77842036]]), array([[ 2.50103953],
       [-1.25383118],
       [ 0.88277905]]), array([[ 2.53552901],
       [-1.2941007 ],
       [ 0.86857022]]), array([[ 2.63070819],
       [-1.44855504],
       [ 0.80723678]]), array([[ 2.64393816],
       [-1.52873752],
       [ 0.79294405]]), array([[-2.66090132],
       [ 1.45248993],
       [-0.7086372 ]]), array([[-2.50636239],
       [ 1.40600772],
       [-0.51075406]]), array([[-2.3349502 ],
       [ 1.52927957],
       [-0.22446357]]), array([[-2.26210379],
       [ 1.59343473],
       [-0.11968017]]), array([[-2.20884184],
       [ 1.61973185],
       [-0.07885832]]), array([[-2.21349549],
       [ 1.62216812],
       [-0.07742377]]), array([[-2.21513711],
       [ 1.6491406 ],
       [-0.07600071]]), array([[-2.19394432],
       [ 1.7249246 ],
       [-0.01455223]]), array([[-2.14560444],
       [ 1.88880803],
       [ 0.0975647 ]]), array([[-2.23998052],
       [ 2.01083876],
       [ 0.0764923 ]]), array([[-2.32303557],
       [ 2.05077817],
       [ 0.04990889]]), array([[-2.34738463],
       [ 2.06031032],
       [ 0.02253152]]), array([[-2.3939949 ],
       [ 2.08445174],
       [-0.07939373]]), array([[-2.40945131],
       [ 2.08750576],
       [-0.11349883]]), array([[-2.4222913 ],
       [ 2.07251585],
       [-0.12895525]]), array([[-2.45831331],
       [ 2.05866025],
       [-0.09444804]]), array([[-2.46880854],
       [ 2.04774095],
       [-0.13729989]]), array([[-2.47377411],
       [ 2.02499701],
       [-0.15505665]]), array([[-2.4570051 ],
       [ 2.00340124],
       [-0.22418221]]), array([[-2.44313922],
       [ 1.99355568],
       [-0.26517861]]), array([[-2.49531068],
       [ 1.9542399 ],
       [-0.31620369]]), array([[-2.58667945],
       [ 1.89367724],
       [-0.43623007]]), array([[-2.6364664 ],
       [ 1.78133915],
       [-0.66583012]]), array([[-2.64362295],
       [ 1.80001455],
       [-0.67273196]]), array([[-2.54556298],
       [ 1.68768815],
       [-0.75550812]]), array([[-2.26423655],
       [ 1.60071372],
       [-0.55132231]]), array([[-2.11392955],
       [ 1.56193933],
       [-0.5021549 ]]), array([[-2.05098486],
       [ 1.59763844],
       [-0.45223606]]), array([[-2.08763167],
       [ 1.63759273],
       [-0.43038723]]), array([[-2.0940751 ],
       [ 1.63133625],
       [-0.3959468 ]]), array([[-1.99265293],
       [ 1.67218707],
       [-0.14737752]]), array([[-2.01817514],
       [ 1.88614276],
       [ 0.00865826]]), array([[-2.07818045],
       [ 2.06460405],
       [ 0.04828664]]), array([[-2.08772974],
       [ 2.18895532],
       [ 0.23518306]]), array([[-2.1215176 ],
       [ 2.21529135],
       [ 0.25184407]]), array([[-2.33123711],
       [ 2.21005515],
       [ 0.08490133]]), array([[-2.42800931],
       [ 2.20921912],
       [-0.0062935 ]]), array([[-2.48174257],
       [ 2.19569191],
       [-0.03884008]]), array([[-2.55363231],
       [ 2.05714464],
       [-0.24126481]]), array([[-2.61073124],
       [ 1.98396991],
       [-0.40021083]]), array([[-2.52003766],
       [ 1.8573973 ],
       [-0.3801844 ]]), array([[-2.3409314 ],
       [ 1.67432879],
       [-0.49926483]]), array([[-2.35796826],
       [ 1.68077451],
       [-0.50856909]]), array([[-2.37524035],
       [ 1.6271394 ],
       [-0.54628716]]), array([[-2.28540837],
       [ 1.59428794],
       [-0.60760386]]), array([[-2.26235619],
       [ 1.5649894 ],
       [-0.56949973]]), array([[-2.22977621],
       [ 1.55761301],
       [-0.50718973]]), array([[-2.08390578],
       [ 1.48626291],
       [-0.28385478]]), array([[-1.93488534],
       [ 1.61271131],
       [-0.10722517]]), array([[-1.78512007],
       [ 1.73585113],
       [ 0.04681459]]), array([[-1.64831316],
       [ 1.83120364],
       [ 0.11136833]]), array([[-1.65828048],
       [ 1.9102183 ],
       [ 0.16573792]]), array([[-1.670597  ],
       [ 1.93336318],
       [ 0.17075328]]), array([[-1.71508367],
       [ 1.9827501 ],
       [ 0.33991384]]), array([[-2.27888668],
       [ 2.13132527],
       [ 0.07561052]]), array([[-2.60919392],
       [ 2.16976519],
       [-0.28578777]]), array([[ 2.21790049],
       [-1.78716941],
       [ 0.25098789]]), array([[-2.57129614],
       [ 2.15267791],
       [-0.24092451]]), array([[-2.48412756],
       [ 2.10264852],
       [-0.14160358]]), array([[-2.46925737],
       [ 2.19948343],
       [-0.22735688]]), array([[-2.6119046 ],
       [ 2.21752485],
       [-0.4636004 ]]), array([[ 2.2854636 ],
       [-1.70170629],
       [ 0.71415912]]), array([[ 2.51641259],
       [-1.50382628],
       [ 0.97058717]]), array([[-2.4142596 ],
       [ 1.68239147],
       [-0.63168158]]), array([[-2.11029849],
       [ 1.71725606],
       [-0.25567746]]), array([[-1.98074413],
       [ 1.87119216],
       [ 0.00320477]]), array([[-1.96182008],
       [ 1.87010562],
       [-0.00671019]]), array([[-1.99672552],
       [ 1.86504755],
       [-0.01299272]]), array([[-1.99259088],
       [ 1.89173578],
       [ 0.04342679]]), array([[-1.85811886],
       [ 2.09503675],
       [ 0.2436711 ]]), array([[-2.16078716],
       [ 2.21891385],
       [ 0.08474065]]), array([[-2.42418235],
       [ 2.1703895 ],
       [-0.19313736]]), array([[-2.54055745],
       [ 2.12332878],
       [-0.36459   ]]), array([[-2.54180397],
       [ 2.0467636 ],
       [-0.41565738]]), array([[-2.55116261],
       [ 2.00830391],
       [-0.41110003]]), array([[-2.70847156],
       [ 1.73333719],
       [-0.71835436]]), array([[-2.69045581],
       [ 1.58177811],
       [-0.88916723]]), array([[-2.61534893],
       [ 1.61424438],
       [-0.75054598]]), array([[-2.30574141],
       [ 1.73189238],
       [-0.25608186]]), array([[-2.04220111],
       [ 1.82373682],
       [ 0.00977743]]), array([[-1.87469779],
       [ 1.97210985],
       [ 0.08879655]]), array([[-2.1181379 ],
       [ 2.14002314],
       [-0.12577082]]), array([[-2.27174029],
       [ 2.11755441],
       [-0.2918996 ]]), array([[-2.05069426],
       [ 2.12504788],
       [-0.0521326 ]]), array([[-2.14975451],
       [ 2.15542925],
       [-0.0557698 ]]), array([[-2.11400386],
       [ 2.20315985],
       [ 0.15002061]]), array([[-2.11780422],
       [ 2.24716119],
       [ 0.21212078]]), array([[-2.0219325 ],
       [ 2.29832001],
       [ 0.36941428]]), array([[-1.95731153],
       [ 2.30522106],
       [ 0.42802739]]), array([[-1.94513669],
       [ 2.28683885],
       [ 0.43926813]]), array([[-1.94001881],
       [ 2.28601018],
       [ 0.42615887]]), array([[-1.94267   ],
       [ 2.28706188],
       [ 0.4096163 ]]), array([[-2.00083251],
       [ 2.27993101],
       [ 0.3391872 ]]), array([[-2.35120091],
       [ 2.13920223],
       [-0.17912859]]), array([[-2.4659517 ],
       [ 1.93845575],
       [-0.36755045]]), array([[-2.51721524],
       [ 1.64531999],
       [-0.60810174]]), array([[-2.48057803],
       [ 1.41623528],
       [-0.75607324]]), array([[-2.4314985 ],
       [ 1.37258638],
       [-0.76492745]]), array([[-2.42851481],
       [ 1.37807954],
       [-0.72456588]]), array([[-2.42367556],
       [ 1.38681873],
       [-0.72025795]]), array([[-2.41912514],
       [ 1.39536009],
       [-0.69352015]]), array([[-2.3962344 ],
       [ 1.39367208],
       [-0.67973136]]), array([[-2.34870548],
       [ 1.37543779],
       [-0.72424028]]), array([[-2.28431685],
       [ 1.45572497],
       [-0.64878163]]), array([[-2.18502214],
       [ 1.59443145],
       [-0.4242233 ]]), array([[-1.94887877],
       [ 1.80152361],
       [-0.20165704]]), array([[-1.74582786],
       [ 1.90292492],
       [ 0.0884369 ]]), array([[-1.76965961],
       [ 1.85041222],
       [ 0.30406184]]), array([[-1.93956758],
       [ 1.95221457],
       [ 0.36960517]]), array([[-1.98200132],
       [ 2.04048819],
       [ 0.50664478]]), array([[-1.7509018 ],
       [ 1.97046949],
       [ 0.73210491]]), array([[-1.73742315],
       [ 2.0004189 ],
       [ 0.73538035]]), array([[-2.05618646],
       [ 2.06816802],
       [ 0.50031342]]), array([[-2.14503011],
       [ 2.08813387],
       [ 0.4404161 ]]), array([[-2.13945316],
       [ 2.09310129],
       [ 0.42895661]]), array([[-2.14429165],
       [ 2.07806117],
       [ 0.42974729]]), array([[-2.14292509],
       [ 2.06971579],
       [ 0.44673611]]), array([[-2.1232084 ],
       [ 2.09352245],
       [ 0.44066348]]), array([[-2.12642662],
       [ 2.12194131],
       [ 0.43825906]]), array([[-2.10040318],
       [ 2.25025056],
       [ 0.48741294]]), array([[-2.05740362],
       [ 2.47289433],
       [ 0.61149087]]), array([[-2.15385414],
       [ 2.55168796],
       [ 0.66220382]]), array([[-2.57342616],
       [ 2.26716118],
       [ 0.09668461]]), array([[-2.62219933],
       [ 2.22836946],
       [-0.00615796]]), array([[-2.66424002],
       [ 2.21196629],
       [-0.07560406]]), array([[-2.67198407],
       [ 2.20785954],
       [-0.09665761]]), array([[-2.69443157],
       [ 2.04216768],
       [-0.41823326]]), array([[-2.43138632],
       [ 1.92590099],
       [-0.53594456]]), array([[-2.37223039],
       [ 1.79514652],
       [-0.6599893 ]]), array([[-2.41515592],
       [ 1.71249412],
       [-0.79578971]]), array([[-2.39787529],
       [ 1.58333954],
       [-0.87609714]]), array([[-2.38687667],
       [ 1.56819436],
       [-0.88665248]]), array([[-2.39166227],
       [ 1.56135318],
       [-0.8813617 ]]), array([[-2.38217537],
       [ 1.56962468],
       [-0.8797299 ]]), array([[-2.38494621],
       [ 1.56162008],
       [-0.88059953]]), array([[-2.39781644],
       [ 1.52141701],
       [-0.86789606]]), array([[-2.3406513 ],
       [ 1.47780452],
       [-0.70438262]]), array([[-2.19736267],
       [ 1.48156842],
       [-0.48443831]]), array([[-2.15689478],
       [ 1.44138772],
       [-0.32367752]]), array([[-2.14997317],
       [ 1.43044553],
       [-0.33566734]]), array([[-2.14391021],
       [ 1.42038241],
       [-0.31099375]]), array([[-2.14239033],
       [ 1.41818144],
       [-0.29813092]]), array([[-2.13894589],
       [ 1.4197101 ],
       [-0.29353895]]), array([[-2.14473546],
       [ 1.41684203],
       [-0.2852744 ]]), array([[-2.12611814],
       [ 1.44256438],
       [-0.21834695]]), array([[-2.01966187],
       [ 1.60578867],
       [-0.01904732]]), array([[-1.95927579],
       [ 1.65932453],
       [ 0.16167763]]), array([[-2.05646766],
       [ 1.85769073],
       [ 0.24090913]]), array([[-2.05536587],
       [ 2.15644488],
       [ 0.24667783]]), array([[-2.00053012],
       [ 2.23508821],
       [ 0.32661717]]), array([[-2.00986035],
       [ 2.26376757],
       [ 0.3667272 ]]), array([[-2.09899299],
       [ 2.2538113 ],
       [ 0.42095176]]), array([[-2.18192184],
       [ 2.26085718],
       [ 0.3682527 ]]), array([[-2.32569559],
       [ 2.29188119],
       [ 0.18031009]]), array([[-2.54621493],
       [ 2.19536289],
       [-0.0179611 ]]), array([[-2.59046135],
       [ 1.98676831],
       [-0.14337688]]), array([[-2.55654721],
       [ 2.06777382],
       [-0.09347372]]), array([[-2.5759792 ],
       [ 2.03105408],
       [-0.20973293]]), array([[-2.58565785],
       [ 1.9120541 ],
       [-0.19156078]]), array([[-2.65086816],
       [ 1.82410313],
       [-0.2725257 ]]), array([[-2.63056505],
       [ 1.72565906],
       [-0.27019668]]), array([[-2.6155551 ],
       [ 1.61594944],
       [-0.30893658]]), array([[-2.62370708],
       [ 1.60577238],
       [-0.32003054]]), array([[-2.62732391],
       [ 1.60321234],
       [-0.34662528]]), array([[-2.63247506],
       [ 1.58698029],
       [-0.3570341 ]]), array([[-2.61192235],
       [ 1.58563513],
       [-0.36169307]]), array([[-2.57774045],
       [ 1.59427322],
       [-0.35572897]]), array([[-2.60330377],
       [ 1.57869307],
       [-0.35395505]]), array([[-2.7233732 ],
       [ 1.44565985],
       [-0.35069032]]), array([[-2.56456107],
       [ 1.4607431 ],
       [-0.24823461]]), array([[-2.329304  ],
       [ 1.46642523],
       [ 0.04982067]]), array([[-2.28464869],
       [ 1.54598869],
       [ 0.12212629]]), array([[-2.31475841],
       [ 1.62000086],
       [ 0.10639211]]), array([[-2.16860375],
       [ 1.84256895],
       [ 0.10089014]]), array([[-2.10336469],
       [ 1.92375699],
       [ 0.11962169]]), array([[-2.05472956],
       [ 1.98566941],
       [ 0.19143105]]), array([[-1.99384269],
       [ 2.05893518],
       [ 0.3400628 ]]), array([[-2.1858762 ],
       [ 2.10014562],
       [ 0.38880407]]), array([[-2.21980157],
       [ 2.22906558],
       [ 0.34796947]]), array([[-2.37893269],
       [ 2.31347532],
       [ 0.08438702]]), array([[-2.55736842],
       [ 2.1756042 ],
       [-0.17783538]]), array([[-2.52366862],
       [ 2.17893529],
       [-0.16220085]]), array([[-2.53511184],
       [ 2.14851644],
       [-0.17388113]]), array([[-2.67207289],
       [ 1.90694775],
       [-0.3276069 ]]), array([[ 2.45174567],
       [-1.59950863],
       [ 0.43482482]]), array([[-2.79822404],
       [ 1.69643138],
       [-0.41183346]]), array([[-2.53190206],
       [ 1.57421127],
       [-0.54512771]]), array([[-2.41182105],
       [ 1.58522224],
       [-0.55408918]]), array([[-2.38485568],
       [ 1.59547946],
       [-0.54576223]]), array([[-2.34639262],
       [ 1.55779695],
       [-0.52314628]]), array([[-2.27163047],
       [ 1.55327784],
       [-0.45969473]]), array([[-2.24758728],
       [ 1.46364295],
       [-0.42562706]]), array([[-2.11001804],
       [ 1.52396386],
       [-0.2499288 ]]), array([[-1.9617675 ],
       [ 1.73017276],
       [ 0.00766388]]), array([[-1.86250667],
       [ 1.78559636],
       [ 0.18392104]]), array([[-1.82238209],
       [ 1.87679409],
       [ 0.36981833]]), array([[-2.03130219],
       [ 2.06073529],
       [ 0.40895703]]), array([[-2.05783458],
       [ 2.26230897],
       [ 0.42126053]]), array([[-2.09752374],
       [ 2.33027956],
       [ 0.43395187]]), array([[-2.31575873],
       [ 2.31039141],
       [ 0.37728872]]), array([[-2.47843204],
       [ 2.25525414],
       [ 0.26823304]]), array([[-2.59730543],
       [ 2.20719274],
       [ 0.07247232]]), array([[-2.72229348],
       [ 2.08116149],
       [ 0.03226745]]), array([[-2.67834511],
       [ 2.07365556],
       [-0.01814573]]), array([[-2.60814995],
       [ 2.10259644],
       [-0.08509455]]), array([[-2.52207556],
       [ 2.15513731],
       [-0.08148424]]), array([[-2.52015613],
       [ 2.15647962],
       [-0.11347922]]), array([[-2.55887835],
       [ 2.17672306],
       [-0.19092408]]), array([[-2.59624373],
       [ 2.19755561],
       [-0.32600921]]), array([[-2.66712065],
       [ 2.02293622],
       [-0.39577006]]), array([[-2.66898647],
       [ 1.7731483 ],
       [-0.4730689 ]]), array([[-2.58979936],
       [ 1.60640176],
       [-0.64897124]]), array([[-2.58563124],
       [ 1.56746149],
       [-0.67163318]]), array([[-2.53705861],
       [ 1.57575764],
       [-0.60512004]]), array([[-2.36787037],
       [ 1.54311462],
       [-0.43641952]]), array([[-2.30735507],
       [ 1.54213121],
       [-0.30209238]]), array([[-2.25995667],
       [ 1.56082884],
       [-0.30472144]]), array([[-2.1336066 ],
       [ 1.57032607],
       [-0.10006309]]), array([[-2.00895124],
       [ 1.65180713],
       [ 0.15814709]]), array([[-1.98706233],
       [ 1.93565353],
       [ 0.29579554]]), array([[-1.86271241],
       [ 2.11034929],
       [ 0.46356096]]), array([[-2.10295116],
       [ 2.24221998],
       [ 0.52048679]]), array([[-2.25034353],
       [ 2.31144578],
       [ 0.32844988]]), array([[-2.43928496],
       [ 2.26680338],
       [ 0.24802177]]), array([[-2.51295664],
       [ 2.27883379],
       [ 0.19583379]]), array([[-2.57727559],
       [ 2.25325314],
       [ 0.0491336 ]]), array([[-2.60951232],
       [ 2.23806593],
       [-0.11415695]]), array([[-2.75007964],
       [ 2.02104114],
       [-0.32000154]]), array([[-2.68390432],
       [ 1.9080666 ],
       [-0.46670874]]), array([[-2.71374621],
       [ 1.81720345],
       [-0.50702302]]), array([[-2.72463792],
       [ 1.70613749],
       [-0.5805856 ]]), array([[-2.57430867],
       [ 1.60128812],
       [-0.54322153]]), array([[-2.46392203],
       [ 1.55266894],
       [-0.41369233]]), array([[-2.26939703],
       [ 1.55056164],
       [-0.28624245]]), array([[-2.15578303],
       [ 1.51388276],
       [-0.24396302]]), array([[-2.1004275 ],
       [ 1.49135845],
       [-0.20150722]]), array([[-1.98826691],
       [ 1.54535424],
       [-0.05501846]]), array([[-1.88609518],
       [ 1.58351342],
       [ 0.08262618]]), array([[-1.86693864],
       [ 1.5802595 ],
       [ 0.14231186]]), array([[-1.9048915 ],
       [ 1.61759818],
       [ 0.23690246]]), array([[-1.8699575 ],
       [ 1.81777256],
       [ 0.39286992]]), array([[-1.88323209],
       [ 1.94959261],
       [ 0.50540946]]), array([[-1.9909069 ],
       [ 2.15910525],
       [ 0.58061561]]), array([[-1.96497664],
       [ 2.36787105],
       [ 0.55337402]]), array([[-2.20721038],
       [ 2.35035796],
       [ 0.48325069]]), array([[-2.44465073],
       [ 2.26758232],
       [ 0.36216624]]), array([[-2.43367567],
       [ 2.26272554],
       [ 0.26571137]]), array([[-2.54577536],
       [ 2.22447562],
       [ 0.08228732]]), array([[-2.48268468],
       [ 2.29889226],
       [-0.11089517]]), array([[-2.4885236 ],
       [ 2.19937275],
       [-0.0574244 ]]), array([[-2.36470452],
       [ 2.08704884],
       [ 0.15148917]]), array([[-2.4201838 ],
       [ 2.01242668],
       [ 0.04103166]]), array([[-2.46107657],
       [ 1.95770239],
       [-0.0712748 ]]), array([[-2.30394765],
       [ 1.91975149],
       [-0.19317975]]), array([[-2.13320387],
       [ 1.86156877],
       [-0.24052291]]), array([[-2.12049153],
       [ 1.84406713],
       [-0.20462396]]), array([[-2.09564346],
       [ 1.77800438],
       [-0.13414503]]), array([[-2.08563418],
       [ 1.73580287],
       [-0.03822656]]), array([[-2.06963923],
       [ 1.71593895],
       [ 0.03890464]]), array([[-2.08776705],
       [ 1.7824293 ],
       [ 0.07273499]]), array([[-2.06805328],
       [ 1.87436039],
       [ 0.14446179]]), array([[-2.03698208],
       [ 1.91377056],
       [ 0.22164245]]), array([[-2.00523963],
       [ 2.06272936],
       [ 0.23560523]]), array([[-2.13882802],
       [ 2.18993719],
       [ 0.01385661]]), array([[-2.22146409],
       [ 2.20490851],
       [-0.08532841]]), array([[-2.23755279],
       [ 2.12923551],
       [-0.1986371 ]]), array([[-2.29983835],
       [ 2.0146396 ],
       [-0.23928304]]), array([[-2.36824568],
       [ 1.88396659],
       [-0.4416775 ]]), array([[-2.39572784],
       [ 1.84781652],
       [-0.62379432]]), array([[-2.33567599],
       [ 1.79205355],
       [-0.45216365]]), array([[-2.31841179],
       [ 1.67608581],
       [-0.41916176]]), array([[-2.33998544],
       [ 1.63527311],
       [-0.37268144]]), array([[-2.32219815],
       [ 1.65092189],
       [-0.35871551]]), array([[-2.26684893],
       [ 1.6617615 ],
       [-0.20312584]]), array([[-2.22396714],
       [ 1.72722605],
       [-0.15280244]]), array([[-2.14990585],
       [ 1.76926987],
       [-0.08822459]]), array([[-2.09708358],
       [ 1.87269394],
       [ 0.00464492]]), array([[-2.11627728],
       [ 2.06875956],
       [ 0.04680323]]), array([[-2.00416367],
       [ 2.19202427],
       [ 0.13424916]]), array([[-1.85081398],
       [ 2.33015341],
       [ 0.26098226]]), array([[-1.84235593],
       [ 2.46588655],
       [ 0.32595484]]), array([[-1.87703859],
       [ 2.49658293],
       [ 0.39086797]]), array([[-1.92359126],
       [ 2.48840553],
       [ 0.37226214]]), array([[-2.06414203],
       [ 2.49669402],
       [ 0.23389109]]), array([[-2.1440562 ],
       [ 2.5007714 ],
       [ 0.12394547]]), array([[-2.36796377],
       [ 2.43146056],
       [-0.00312512]]), array([[-2.3701244 ],
       [ 2.40846922],
       [-0.04048462]]), array([[-2.45773518],
       [ 2.25065388],
       [-0.19515873]]), array([[-2.46079915],
       [ 2.06166696],
       [-0.2764975 ]]), array([[-2.44476168],
       [ 1.98560656],
       [-0.36961622]]), array([[-2.51106051],
       [ 1.92460332],
       [-0.37391638]]), array([[-2.57404548],
       [ 1.814051  ],
       [-0.52532337]]), array([[-2.51873132],
       [ 1.64471966],
       [-0.57668551]]), array([[-2.4578386 ],
       [ 1.56513726],
       [-0.50631412]]), array([[-2.46861963],
       [ 1.52559847],
       [-0.42490025]]), array([[-2.49486067],
       [ 1.45720367],
       [-0.37255715]]), array([[-2.44727285],
       [ 1.48712669],
       [-0.3567834 ]]), array([[-2.44337871],
       [ 1.49769038],
       [-0.38465712]]), array([[-2.42546131],
       [ 1.5208919 ],
       [-0.38241916]]), array([[-2.40515279],
       [ 1.5424728 ],
       [-0.31805663]]), array([[-2.36840436],
       [ 1.55092913],
       [-0.27634877]]), array([[-2.18005882],
       [ 1.59121312],
       [-0.0074128 ]]), array([[-2.09735507],
       [ 1.66909401],
       [ 0.0571089 ]]), array([[-1.96225481],
       [ 2.07420959],
       [ 0.24003073]]), array([[-2.18955344],
       [ 2.29903005],
       [ 0.3678281 ]]), array([[ 2.18931325],
       [-1.71126431],
       [-0.36046467]]), array([[ 2.21409543],
       [-1.51920233],
       [-0.38858983]]), array([[ 2.27529335],
       [-1.38399487],
       [-0.45225606]]), array([[ 2.27881666],
       [-1.38774158],
       [-0.43909729]]), array([[ 2.4207816 ],
       [-1.86084669],
       [-0.72568848]]), array([[-1.81338838],
       [ 2.32361243],
       [ 0.67275556]]), array([[-1.5142049 ],
       [ 2.41087525],
       [ 0.8013818 ]]), array([[-1.50417355],
       [ 2.45564028],
       [ 0.88330844]]), array([[-1.57366519],
       [ 2.38683477],
       [ 0.75167621]]), array([[-1.80320726],
       [ 2.16861249],
       [ 0.29397576]]), array([[-1.59066768],
       [ 2.09028251],
       [-0.07965442]]), array([[-1.33964586],
       [ 1.91230907],
       [-0.5176413 ]]), array([[-1.21398584],
       [ 1.8188001 ],
       [-0.51658512]]), array([[-1.18999673],
       [ 1.8137163 ],
       [-0.50152241]]), array([[-1.18935159],
       [ 1.89406127],
       [-0.37373508]]), array([[-1.6706589 ],
       [ 2.12914893],
       [-0.07238146]]), array([[-2.27369615],
       [ 2.10682557],
       [-0.49811638]]), array([[ 2.22006737],
       [-1.55193024],
       [ 0.83456699]]), array([[ 2.21367525],
       [-1.4457738 ],
       [ 0.89529403]]), array([[ 2.25138474],
       [-1.48828041],
       [ 0.86677398]]), array([[ 2.42038164],
       [-1.78538871],
       [ 0.41554666]]), array([[-2.08459406],
       [ 2.16817108],
       [ 0.23366378]]), array([[-2.08860658],
       [ 2.27029172],
       [ 0.49684262]]), array([[-2.06414401],
       [ 2.40644235],
       [ 0.88842618]]), array([[ 1.78848499],
       [-2.04380526],
       [-0.83579455]]), array([[ 1.87573394],
       [-2.01257834],
       [-0.82351941]]), array([[ 2.00211878],
       [-1.96190781],
       [-0.76821656]]), array([[-2.05302072],
       [ 2.18973395],
       [ 0.20974036]]), array([[-1.75423331],
       [ 2.20144484],
       [-0.4264755 ]]), array([[-1.37586159],
       [ 1.78760992],
       [-0.81934351]]), array([[-1.42427436],
       [ 1.67064286],
       [-0.736607  ]]), array([[-1.41270698],
       [ 1.68191913],
       [-0.73614387]]), array([[-1.49714657],
       [ 2.07020176],
       [-0.46713939]]), array([[-1.73742868],
       [ 2.13312045],
       [ 0.02709515]]), array([[-1.49582369],
       [ 2.11746631],
       [ 0.54332398]]), array([[-1.29944397],
       [ 2.07823197],
       [ 0.69677651]]), array([[-1.26173571],
       [ 2.12226419],
       [ 0.72860479]]), array([[-1.71076504],
       [ 2.17512439],
       [ 0.13104665]]), array([[-1.48861698],
       [ 1.9593226 ],
       [-0.58953552]]), array([[-1.24260408],
       [ 1.65444451],
       [-0.97577203]]), array([[-1.25815496],
       [ 1.59939522],
       [-0.94129953]]), array([[-1.34067558],
       [ 1.68316247],
       [-0.97968687]]), array([[-1.83950392],
       [ 1.95553482],
       [-1.03394176]]), array([[ 2.18078635],
       [-1.64864817],
       [ 0.7498232 ]]), array([[ 2.25694771],
       [-0.86706078],
       [ 0.62931195]]), array([[ 2.28274717],
       [-0.7780605 ],
       [ 0.56825295]]), array([[ 2.41767506],
       [-0.91407882],
       [ 0.30441788]]), array([[ 2.49218812],
       [-0.9672785 ],
       [ 0.16913254]]), array([[ 2.46520097],
       [-1.07449216],
       [ 0.15990646]]), array([[ 2.44983202],
       [-1.04250996],
       [ 0.20844464]]), array([[ 2.59989082],
       [-1.07664729],
       [ 0.0351915 ]]), array([[-2.37481864],
       [ 1.83643393],
       [-0.03564843]]), array([[-1.74781427],
       [ 2.2332073 ],
       [ 0.39427434]]), array([[-1.26181241],
       [ 2.48734545],
       [ 0.59559975]]), array([[-1.13987333],
       [ 2.48193694],
       [ 0.7319773 ]]), array([[-1.03533069],
       [ 2.54875083],
       [ 0.88419461]]), array([[-0.80168944],
       [ 2.62413338],
       [ 1.04594499]]), array([[-0.83294052],
       [ 2.61193575],
       [ 1.05995899]]), array([[-0.84299906],
       [ 2.62241989],
       [ 1.08214692]]), array([[-1.1267764 ],
       [ 2.58774326],
       [ 0.92274439]]), array([[-1.65752134],
       [ 2.24354169],
       [ 0.52985606]]), array([[-2.03702583],
       [ 2.11478495],
       [-0.07145224]]), array([[-1.90631579],
       [ 1.95640688],
       [-0.73012725]]), array([[-1.80176157],
       [ 1.74015828],
       [-1.14490153]]), array([[-1.81393353],
       [ 1.7093517 ],
       [-1.1127769 ]]), array([[-1.77579857],
       [ 1.69884627],
       [-1.1584204 ]]), array([[-1.77751081],
       [ 1.7085373 ],
       [-1.16099135]]), array([[-1.77373001],
       [ 1.71296109],
       [-1.1580831 ]]), array([[-1.78194021],
       [ 1.69379552],
       [-1.15703073]]), array([[-1.73489315],
       [ 1.66934193],
       [-1.04211486]]), array([[-1.7182548 ],
       [ 1.64837219],
       [-0.85618903]]), array([[-1.5141559 ],
       [ 1.62856059],
       [-0.5746818 ]]), array([[-1.3853422 ],
       [ 1.56902113],
       [-0.47082537]]), array([[-1.19967181],
       [ 1.48450646],
       [-0.41029173]]), array([[-1.15759157],
       [ 1.4787736 ],
       [-0.37644634]]), array([[-1.13557217],
       [ 1.48828381],
       [-0.44565278]]), array([[-1.1575336 ],
       [ 1.52567529],
       [-0.5221555 ]]), array([[-1.25020351],
       [ 1.57526265],
       [-0.81172994]]), array([[-1.61236225],
       [ 1.678062  ],
       [-0.97120174]]), array([[-1.81998867],
       [ 1.71366763],
       [-1.42679955]]), array([[-1.91390427],
       [ 1.73633353],
       [-1.50431639]]), array([[-1.979721  ],
       [ 1.66332266],
       [-1.69439776]]), array([[-1.8517588 ],
       [ 1.62042344],
       [-1.84654118]]), array([[-1.86937173],
       [ 1.63717432],
       [-1.9370847 ]]), array([[-1.81629114],
       [ 1.67497103],
       [-1.9085478 ]]), array([[-1.81331276],
       [ 1.6821286 ],
       [-1.88988348]]), array([[-1.8293423 ],
       [ 1.69875876],
       [-1.79982159]]), array([[-1.85693669],
       [ 1.72610999],
       [-1.44927535]]), array([[-2.01816293],
       [ 1.87580857],
       [-0.9884464 ]]), array([[ 2.28942042],
       [-2.13161437],
       [ 0.8628859 ]]), array([[ 2.30079904],
       [-1.90076489],
       [ 0.6304286 ]]), array([[ 2.46020628],
       [-1.91057105],
       [ 0.24269432]]), array([[-2.36722911],
       [ 1.91445048],
       [-0.06974937]]), array([[-1.93289789],
       [ 1.57891907],
       [ 0.70724506]]), array([[-1.87101368],
       [ 1.66334465],
       [ 0.63321719]]), array([[-1.88441304],
       [ 2.01714177],
       [ 0.63610046]]), array([[-1.70665748],
       [ 2.28295846],
       [ 0.75593801]]), array([[-1.56461024],
       [ 2.43948528],
       [ 0.8734524 ]]), array([[-1.79731988],
       [ 2.46090976],
       [ 0.89448062]]), array([[-2.23679256],
       [ 2.32348247],
       [ 0.65259492]]), array([[-2.62319428],
       [ 2.1466107 ],
       [ 0.20319513]]), array([[-2.60068587],
       [ 1.87026758],
       [-0.63965872]]), array([[ 2.13186006],
       [-1.78414313],
       [ 1.15446432]]), array([[ 2.20771089],
       [-1.69691933],
       [ 1.16378193]]), array([[ 2.14184938],
       [-1.56741778],
       [ 1.18348505]]), array([[ 2.15629734],
       [-1.51368244],
       [ 1.27049194]]), array([[ 2.13942289],
       [-1.41916604],
       [ 1.27475494]]), array([[ 2.15407337],
       [-1.44733085],
       [ 1.26264991]]), array([[ 2.14790221],
       [-1.59018477],
       [ 1.25703495]]), array([[ 2.37765685],
       [-1.84075172],
       [ 0.90101853]]), array([[ 2.62562832],
       [-1.72644046],
       [ 0.21235961]]), array([[ 2.77259417],
       [-1.35940529],
       [-0.22823713]]), array([[ 2.85652677],
       [-1.20756473],
       [-0.31910888]]), array([[ 2.73887102],
       [-1.33493802],
       [-0.23913364]]), array([[ 2.57150069],
       [-1.43892184],
       [-0.36328651]]), array([[ 2.59526156],
       [-1.39538857],
       [-0.29775133]]), array([[ 2.65654625],
       [-1.45554876],
       [-0.30824915]]), array([[ 2.67897009],
       [-1.50784959],
       [-0.24701155]]), array([[ 2.72813536],
       [-1.46800791],
       [-0.25173564]]), array([[ 2.75966016],
       [-1.75716095],
       [-0.22999155]]), array([[-2.05022335],
       [ 1.82151523],
       [ 0.05955476]]), array([[-1.67863923],
       [ 1.90758012],
       [-0.11141677]]), array([[-1.65075011],
       [ 1.98385329],
       [-0.36271942]]), array([[-1.67735906],
       [ 2.14083312],
       [-0.51021335]]), array([[-1.82220122],
       [ 2.10533199],
       [-0.3526163 ]]), array([[-1.87034392],
       [ 2.0938196 ],
       [-0.20208517]]), array([[-2.0165273 ],
       [ 1.92371871],
       [-0.11373347]]), array([[-1.9637174 ],
       [ 1.83660379],
       [-0.10257931]]), array([[-2.02335159],
       [ 1.91708394],
       [-0.05197015]]), array([[-2.08990756],
       [ 1.98733884],
       [-0.02966196]]), array([[-2.0875943 ],
       [ 2.00776835],
       [-0.03151547]]), array([[-2.1021275 ],
       [ 1.96538213],
       [-0.01370808]]), array([[-2.1058473 ],
       [ 1.96247868],
       [-0.00337094]]), array([[-2.13550338],
       [ 1.94469197],
       [-0.01500922]]), array([[-2.19398299],
       [ 1.92240563],
       [-0.00407387]]), array([[-2.15130348],
       [ 1.90888624],
       [-0.01157737]])]
tvecs : 

[array([[-0.42023248],
       [ 0.27528555],
       [ 1.12781884]]), array([[-0.42669989],
       [ 0.28220946],
       [ 1.12447746]]), array([[-0.41866175],
       [ 0.2849352 ],
       [ 1.12900351]]), array([[-0.38816493],
       [ 0.31115425],
       [ 1.1273534 ]]), array([[-0.25340859],
       [ 0.33846382],
       [ 1.12776501]]), array([[-0.60357239],
       [ 0.44382512],
       [ 0.88489099]]), array([[-0.86524206],
       [ 0.46202849],
       [ 0.75088397]]), array([[-0.88055729],
       [ 0.45176852],
       [ 0.99558466]]), array([[-0.69050801],
       [ 0.58022555],
       [ 1.28077848]]), array([[-0.65327183],
       [ 0.53113339],
       [ 1.45119307]]), array([[-0.41418991],
       [ 0.54964926],
       [ 1.6864833 ]]), array([[-0.57969746],
       [ 0.42364586],
       [ 1.74804049]]), array([[-0.60394585],
       [ 0.47758394],
       [ 1.73242132]]), array([[-0.58901226],
       [ 0.47910235],
       [ 1.68589523]]), array([[-0.65301433],
       [ 0.71939935],
       [ 1.44613346]]), array([[-0.76784922],
       [ 0.83464359],
       [ 1.09847687]]), array([[-0.86841206],
       [ 0.84820663],
       [ 0.58156298]]), array([[-0.77348163],
       [ 0.65201991],
       [ 0.49373972]]), array([[-0.62475691],
       [ 0.66095772],
       [ 0.32656708]]), array([[-0.47655349],
       [ 0.62246386],
       [ 0.38180768]]), array([[-0.43948505],
       [ 0.55156152],
       [ 0.43500655]]), array([[-0.42134788],
       [ 0.5348683 ],
       [ 0.46847487]]), array([[-0.23789255],
       [ 0.53334317],
       [ 0.65807502]]), array([[-0.17520509],
       [ 0.46911997],
       [ 0.85646014]]), array([[-0.19251477],
       [ 0.54344034],
       [ 0.95513394]]), array([[-0.19010392],
       [ 0.57807007],
       [ 0.98371662]]), array([[-0.17909461],
       [ 0.60377846],
       [ 0.97983475]]), array([[-0.19013927],
       [ 0.60861435],
       [ 0.96800314]]), array([[-0.16371053],
       [ 0.61362492],
       [ 0.9645776 ]]), array([[-0.01614404],
       [ 0.66213923],
       [ 0.95609928]]), array([[ 0.00304713],
       [ 0.67526785],
       [ 0.93002608]]), array([[-0.30502409],
       [ 0.40620281],
       [ 0.92881339]]), array([[-0.49042533],
       [ 0.18893891],
       [ 0.8101352 ]]), array([[-0.50403342],
       [ 0.19339147],
       [ 0.77525221]]), array([[-0.55307195],
       [ 0.23567132],
       [ 0.73650692]]), array([[-0.56254554],
       [ 0.22576129],
       [ 0.73371039]]), array([[-0.55181073],
       [ 0.22112197],
       [ 0.75096957]]), array([[-0.47047137],
       [ 0.24279121],
       [ 0.83130563]]), array([[-0.32910009],
       [ 0.44261442],
       [ 0.86670458]]), array([[-0.54684328],
       [ 0.63073955],
       [ 0.7097158 ]]), array([[-0.55492146],
       [ 0.69345237],
       [ 0.85694472]]), array([[-0.48480811],
       [ 0.60538066],
       [ 1.07287626]]), array([[-0.41882244],
       [ 0.60295546],
       [ 1.13675399]]), array([[-0.47732355],
       [ 0.56591115],
       [ 1.12954691]]), array([[-0.4794536 ],
       [ 0.57949172],
       [ 1.12223595]]), array([[-0.47899715],
       [ 0.57523375],
       [ 1.12370859]]), array([[-0.44611717],
       [ 0.60757989],
       [ 1.12063601]]), array([[-0.38838654],
       [ 0.65226992],
       [ 1.11679337]]), array([[-0.25078891],
       [ 0.66282413],
       [ 1.16696243]]), array([[-0.01275209],
       [ 0.58060951],
       [ 1.2857061 ]]), array([[ 0.16675173],
       [ 0.46806377],
       [ 1.35527567]]), array([[ 0.19241969],
       [ 0.3607012 ],
       [ 1.41499606]]), array([[ 0.24722964],
       [ 0.42615816],
       [ 1.40589952]]), array([[ 0.37488167],
       [ 0.34828571],
       [ 1.39983914]]), array([[ 0.54734773],
       [ 0.33208031],
       [ 1.36193286]]), array([[ 0.52995843],
       [ 0.3161038 ],
       [ 1.36804595]]), array([[ 0.52744292],
       [ 0.3002244 ],
       [ 1.37139912]]), array([[ 0.57252672],
       [ 0.31670326],
       [ 1.34787446]]), array([[ 0.57801395],
       [ 0.52999321],
       [ 1.27595081]]), array([[ 0.10690958],
       [ 0.63708434],
       [ 1.31241622]]), array([[-0.0495448 ],
       [ 0.65937225],
       [ 1.27119585]]), array([[-0.07648292],
       [ 0.75876942],
       [ 1.17268968]]), array([[-0.04524441],
       [ 0.80350816],
       [ 1.12134437]]), array([[-0.00506227],
       [ 0.65753953],
       [ 1.19897384]]), array([[-0.01257839],
       [ 0.17489368],
       [ 1.30714189]]), array([[ 0.09176046],
       [ 0.1216057 ],
       [ 1.29123379]]), array([[ 0.11726686],
       [ 0.21793742],
       [ 1.25986024]]), array([[ 0.15758722],
       [ 0.21377086],
       [ 1.24595417]]), array([[ 0.13901443],
       [ 0.39144234],
       [ 1.18166067]]), array([[ 0.12130849],
       [ 0.4016041 ],
       [ 1.1732097 ]]), array([[ 0.08036455],
       [ 0.47715418],
       [ 1.15357086]]), array([[ 0.07916122],
       [ 0.53404717],
       [ 1.13182254]]), array([[ 0.10043649],
       [ 0.5455323 ],
       [ 1.13248763]]), array([[ 0.3359328 ],
       [ 0.68983176],
       [ 1.06313598]]), array([[ 0.54839366],
       [ 0.83284171],
       [ 0.90525322]]), array([[ 0.31683277],
       [ 0.95736795],
       [ 0.79002348]]), array([[-0.06411595],
       [ 0.65358075],
       [ 0.96329609]]), array([[-0.17322668],
       [ 0.31482678],
       [ 1.04243504]]), array([[-0.13326265],
       [ 0.21653247],
       [ 1.07755782]]), array([[-0.11867876],
       [ 0.19925965],
       [ 1.08576955]]), array([[-0.11960004],
       [ 0.19134226],
       [ 1.08731647]]), array([[-0.10942717],
       [ 0.1929772 ],
       [ 1.09290385]]), array([[-0.08537646],
       [ 0.19676017],
       [ 1.10519828]]), array([[ 0.06599475],
       [ 0.24642121],
       [ 1.12834071]]), array([[ 0.24273826],
       [ 0.20926624],
       [ 1.13967082]]), array([[ 0.34029585],
       [ 0.23061638],
       [ 1.12171668]]), array([[ 0.41139144],
       [ 0.08397087],
       [ 1.1430192 ]]), array([[ 0.42423262],
       [-0.12784347],
       [ 1.14981014]]), array([[ 0.4400652 ],
       [-0.23183942],
       [ 1.14080179]]), array([[ 0.45391678],
       [-0.28007791],
       [ 1.12467943]]), array([[ 0.44326039],
       [-0.28682669],
       [ 1.12010056]]), array([[ 0.45031419],
       [-0.26339395],
       [ 1.11972306]]), array([[ 0.49314444],
       [-0.09647248],
       [ 1.13422919]]), array([[ 0.63913609],
       [ 0.38798943],
       [ 1.02098609]]), array([[ 0.80287559],
       [ 0.3234835 ],
       [ 0.95036852]]), array([[ 0.8304372 ],
       [ 0.41949746],
       [ 0.89400601]]), array([[ 0.85872837],
       [ 0.46972056],
       [ 0.84586839]]), array([[ 0.84888278],
       [ 0.47033702],
       [ 0.8580732 ]]), array([[ 0.70220688],
       [ 0.45408184],
       [ 0.95411   ]]), array([[ 0.63676571],
       [ 0.52463346],
       [ 0.96904782]]), array([[ 0.25005237],
       [ 0.55768161],
       [ 1.15208777]]), array([[-0.1364617 ],
       [ 0.38904671],
       [ 1.25235648]]), array([[-0.19423993],
       [ 0.29899536],
       [ 1.27084555]]), array([[-0.15936558],
       [ 0.26425224],
       [ 1.28576773]]), array([[-0.13772225],
       [ 0.22208254],
       [ 1.2869973 ]]), array([[-0.12338035],
       [ 0.25422131],
       [ 1.28344286]]), array([[-0.1089278 ],
       [ 0.26838362],
       [ 1.27718775]]), array([[-0.09322848],
       [ 0.27531825],
       [ 1.27362211]]), array([[-0.06970731],
       [ 0.22399802],
       [ 1.29424389]]), array([[ 0.0355896 ],
       [-0.02147792],
       [ 1.31109404]]), array([[ 0.11149636],
       [-0.38387461],
       [ 1.24177647]]), array([[ 0.19477722],
       [-0.53902228],
       [ 1.19888982]]), array([[ 0.39607136],
       [-0.36253532],
       [ 1.26340511]]), array([[ 0.79709782],
       [-0.27232686],
       [ 1.16528123]]), array([[ 1.01182743],
       [-0.27089764],
       [ 1.05365208]]), array([[ 1.00161915],
       [-0.29130987],
       [ 1.05976439]]), array([[ 0.98040239],
       [-0.29175559],
       [ 1.07062888]]), array([[ 0.9778094 ],
       [-0.28552212],
       [ 1.07117374]]), array([[ 0.99058274],
       [-0.23807651],
       [ 1.07038611]]), array([[ 1.08644709],
       [ 0.10006008],
       [ 0.98705904]]), array([[ 1.03039229],
       [ 0.44579039],
       [ 0.87643572]]), array([[ 0.99367642],
       [ 0.50377805],
       [ 0.86194254]]), array([[ 0.97728929],
       [ 0.50238593],
       [ 0.87203307]]), array([[ 0.92875873],
       [ 0.62847088],
       [ 0.82844994]]), array([[ 0.83149966],
       [ 0.81672939],
       [ 0.75828455]]), array([[ 0.58082756],
       [ 0.96351848],
       [ 0.77241917]]), array([[ 0.20837937],
       [ 0.93882794],
       [ 0.89291466]]), array([[-0.04001661],
       [ 0.77905508],
       [ 0.95175804]]), array([[-0.03427507],
       [ 0.84333447],
       [ 0.88520878]]), array([[-0.03607649],
       [ 0.86390412],
       [ 0.85968375]]), array([[-0.04858386],
       [ 0.87395258],
       [ 0.84397298]]), array([[-0.05098761],
       [ 0.8895813 ],
       [ 0.82836642]]), array([[-0.10547537],
       [ 0.90583442],
       [ 0.77992648]]), array([[-0.4816674 ],
       [ 0.76428385],
       [ 0.70627376]]), array([[-0.646139  ],
       [ 0.42861533],
       [ 0.84053567]]), array([[-0.46802887],
       [ 0.24480961],
       [ 1.04219833]]), array([[-0.44928239],
       [ 0.14514361],
       [ 1.07589769]]), array([[-0.4277018 ],
       [ 0.12769398],
       [ 1.09058475]]), array([[-0.4200385],
       [ 0.1273913],
       [ 1.094488 ]]), array([[-0.41584137],
       [ 0.12942953],
       [ 1.09607124]]), array([[-0.40784161],
       [ 0.13290168],
       [ 1.09844786]]), array([[-0.39948109],
       [ 0.13289852],
       [ 1.10128716]]), array([[-0.19201984],
       [ 0.07115046],
       [ 1.16771806]]), array([[ 0.15852323],
       [ 0.01233563],
       [ 1.18159597]]), array([[ 0.51253298],
       [ 0.24763082],
       [ 1.06852132]]), array([[ 0.6156716 ],
       [ 0.5736125 ],
       [ 0.84756865]]), array([[ 0.52690329],
       [ 0.72334057],
       [ 0.74235413]]), array([[ 0.40492619],
       [ 0.7395878 ],
       [ 0.76142496]]), array([[ 0.3852854 ],
       [ 0.5972881 ],
       [ 0.87926294]]), array([[ 0.37511377],
       [ 0.55161522],
       [ 0.91757681]]), array([[ 0.35855072],
       [ 0.55345715],
       [ 0.92457139]]), array([[ 0.33976349],
       [ 0.56704038],
       [ 0.92449495]]), array([[ 0.31193614],
       [ 0.60968834],
       [ 0.90541071]]), array([[ 0.27170558],
       [ 0.65205425],
       [ 0.86929574]]), array([[ 0.30193504],
       [ 0.67556512],
       [ 0.7943316 ]]), array([[ 0.34148597],
       [ 0.72539159],
       [ 0.61474383]]), array([[ 0.26473887],
       [ 0.74395669],
       [ 0.4742819 ]]), array([[ 0.34068641],
       [ 0.68705557],
       [ 0.37748037]]), array([[ 0.34203974],
       [ 0.64928001],
       [ 0.30880552]]), array([[ 0.27017903],
       [ 0.64633811],
       [ 0.33533863]]), array([[ 0.2754786 ],
       [ 0.63663622],
       [ 0.34625519]]), array([[ 0.24334365],
       [ 0.63071333],
       [ 0.35196485]]), array([[ 0.08048643],
       [ 0.66140794],
       [ 0.31528155]]), array([[-0.07710955],
       [ 0.55886113],
       [ 0.41926664]]), array([[-0.06714521],
       [ 0.55761991],
       [ 0.43526976]]), array([[-0.05798019],
       [ 0.56085507],
       [ 0.44202668]]), array([[-0.09738434],
       [ 0.43798287],
       [ 0.53788461]]), array([[-0.07790281],
       [ 0.29863784],
       [ 0.62351283]]), array([[-0.01372435],
       [ 0.25959789],
       [ 0.66048368]]), array([[ 0.03494133],
       [ 0.42585628],
       [ 0.59405243]]), array([[ 0.00676996],
       [ 0.63965102],
       [ 0.39737809]]), array([[-0.0543376 ],
       [ 0.70901443],
       [ 0.25303665]]), array([[-0.05627176],
       [ 0.69764845],
       [ 0.28781834]]), array([[-0.04819162],
       [ 0.63973565],
       [ 0.38891201]]), array([[-0.04008322],
       [ 0.62375737],
       [ 0.42019949]]), array([[-0.05025808],
       [ 0.59715144],
       [ 0.44550633]]), array([[-0.0593916 ],
       [ 0.44972414],
       [ 0.55543377]]), array([[ 0.04095302],
       [ 0.31739332],
       [ 0.64098429]]), array([[ 0.09281856],
       [ 0.26831115],
       [ 0.65921414]]), array([[ 0.10920594],
       [ 0.23542186],
       [ 0.66435965]]), array([[ 0.11363926],
       [ 0.23721589],
       [ 0.66165447]]), array([[ 0.13478843],
       [ 0.24685065],
       [ 0.66343788]]), array([[ 0.21486467],
       [ 0.23768206],
       [ 0.66573386]]), array([[ 0.36687325],
       [ 0.21369753],
       [ 0.64386301]]), array([[ 0.44675013],
       [ 0.29074503],
       [ 0.58474488]]), array([[ 0.46564647],
       [ 0.34032764],
       [ 0.54877523]]), array([[ 0.46533784],
       [ 0.35862287],
       [ 0.53733819]]), array([[ 0.45290866],
       [ 0.41704458],
       [ 0.51184932]]), array([[ 0.44673295],
       [ 0.43932109],
       [ 0.50743959]]), array([[ 0.43551247],
       [ 0.44914495],
       [ 0.51036819]]), array([[ 0.44075426],
       [ 0.45460248],
       [ 0.50582236]]), array([[ 0.42735988],
       [ 0.46817982],
       [ 0.5061529 ]]), array([[ 0.4151141 ],
       [ 0.47421119],
       [ 0.51212277]]), array([[ 0.38061579],
       [ 0.49045561],
       [ 0.52180964]]), array([[ 0.35851945],
       [ 0.50470754],
       [ 0.52177885]]), array([[ 0.33291886],
       [ 0.53903168],
       [ 0.50985643]]), array([[ 0.28367125],
       [ 0.59789424],
       [ 0.46623906]]), array([[ 0.16254081],
       [ 0.66635231],
       [ 0.40663815]]), array([[ 0.16859722],
       [ 0.67614466],
       [ 0.39661107]]), array([[ 0.06877874],
       [ 0.656601  ],
       [ 0.43786627]]), array([[-0.00741741],
       [ 0.46527764],
       [ 0.60429146]]), array([[-0.05211875],
       [ 0.35805945],
       [ 0.65149358]]), array([[-0.03580035],
       [ 0.32135202],
       [ 0.66801987]]), array([[ 0.0042769 ],
       [ 0.33739592],
       [ 0.66889395]]), array([[ 0.01208878],
       [ 0.31992214],
       [ 0.68017715]]), array([[ 0.09480511],
       [ 0.15967995],
       [ 0.73359695]]), array([[ 0.31151596],
       [ 0.13533852],
       [ 0.70126916]]), array([[ 0.43615748],
       [ 0.21054288],
       [ 0.65169233]]), array([[ 0.5686574 ],
       [ 0.18975783],
       [ 0.60253702]]), array([[ 0.60390198],
       [ 0.20994781],
       [ 0.58297916]]), array([[ 0.58356125],
       [ 0.36725921],
       [ 0.52557672]]), array([[ 0.56837822],
       [ 0.4433291 ],
       [ 0.48245018]]), array([[ 0.55625857],
       [ 0.48158037],
       [ 0.46281283]]), array([[ 0.43283009],
       [ 0.55666   ],
       [ 0.47471988]]), array([[ 0.35505263],
       [ 0.62399221],
       [ 0.45552582]]), array([[ 0.26419014],
       [ 0.57004489],
       [ 0.55798151]]), array([[ 0.07497931],
       [ 0.49074155],
       [ 0.62953144]]), array([[ 0.07415639],
       [ 0.50395968],
       [ 0.61827097]]), array([[ 0.03568362],
       [ 0.50754061],
       [ 0.61081936]]), array([[-0.02065022],
       [ 0.4822464 ],
       [ 0.61468301]]), array([[-0.0315391 ],
       [ 0.44512604],
       [ 0.62863337]]), array([[-0.02639135],
       [ 0.4020188 ],
       [ 0.65178271]]), array([[-0.03299403],
       [ 0.20072536],
       [ 0.72323986]]), array([[ 0.06159498],
       [ 0.08967053],
       [ 0.75856959]]), array([[ 0.16530429],
       [-0.01991687],
       [ 0.76771585]]), array([[ 0.20485367],
       [-0.08185916],
       [ 0.75498574]]), array([[ 0.29076267],
       [-0.0871699 ],
       [ 0.74605159]]), array([[ 0.3089672 ],
       [-0.07331683],
       [ 0.74964708]]), array([[ 0.43325957],
       [-0.11412072],
       [ 0.70252714]]), array([[ 0.56443397],
       [ 0.27306936],
       [ 0.6268671 ]]), array([[ 0.49902347],
       [ 0.54179897],
       [ 0.6123367 ]]), array([[ 0.49042965],
       [ 0.57497813],
       [ 0.68727778]]), array([[ 0.50282497],
       [ 0.52359479],
       [ 0.76352842]]), array([[ 0.49365305],
       [ 0.42298124],
       [ 0.84089438]]), array([[ 0.51700245],
       [ 0.49373172],
       [ 0.79735915]]), array([[ 0.49110213],
       [ 0.70035249],
       [ 0.65515131]]), array([[ 0.15692184],
       [ 0.8343484 ],
       [ 0.64181903]]), array([[-0.21048437],
       [ 0.8088408 ],
       [ 0.61490033]]), array([[-0.11122265],
       [ 0.60277502],
       [ 0.85002321]]), array([[-0.06741959],
       [ 0.22475442],
       [ 1.02378476]]), array([[ 0.12458567],
       [ 0.04976153],
       [ 1.04911001]]), array([[ 0.11259844],
       [ 0.04529123],
       [ 1.04655498]]), array([[ 0.12197646],
       [ 0.06488367],
       [ 1.04729959]]), array([[ 0.1732408 ],
       [ 0.03783619],
       [ 1.04732574]]), array([[ 0.40489496],
       [-0.09127462],
       [ 1.00169113]]), array([[ 0.55663861],
       [ 0.25169399],
       [ 0.92484174]]), array([[ 0.4842211 ],
       [ 0.56632636],
       [ 0.82642192]]), array([[ 0.42088164],
       [ 0.69954009],
       [ 0.74735844]]), array([[ 0.35118332],
       [ 0.70547864],
       [ 0.76902364]]), array([[ 0.32528535],
       [ 0.7026367 ],
       [ 0.79180778]]), array([[ 0.05124756],
       [ 0.84510479],
       [ 0.69742778]]), array([[-0.13578916],
       [ 0.85607085],
       [ 0.64355468]]), array([[-0.11086254],
       [ 0.77470096],
       [ 0.74854956]]), array([[ 0.04429695],
       [ 0.36238239],
       [ 1.0225762 ]]), array([[ 0.13507529],
       [ 0.02179802],
       [ 1.09272397]]), array([[ 0.20492641],
       [-0.1338271 ],
       [ 1.08974558]]), array([[ 0.3282537 ],
       [ 0.14684965],
       [ 1.09147304]]), array([[ 0.30152838],
       [ 0.30606209],
       [ 1.06716693]]), array([[ 0.30842605],
       [ 0.00293694],
       [ 1.09511027]]), array([[ 0.38971133],
       [ 0.09485627],
       [ 1.06815051]]), array([[ 0.51590723],
       [-0.01186509],
       [ 1.03237596]]), array([[ 0.58096575],
       [-0.02235786],
       [ 1.01199092]]), array([[ 0.65362409],
       [-0.14593678],
       [ 0.97330323]]), array([[ 0.66269433],
       [-0.21674979],
       [ 0.9581977 ]]), array([[ 0.65276437],
       [-0.24247973],
       [ 0.95531872]]), array([[ 0.64187327],
       [-0.24083826],
       [ 0.95704247]]), array([[ 0.63416307],
       [-0.22721699],
       [ 0.96076514]]), array([[ 0.62843179],
       [-0.15165868],
       [ 0.98039156]]), array([[ 0.45576857],
       [ 0.35152609],
       [ 1.03310735]]), array([[ 0.23139841],
       [ 0.51890606],
       [ 1.02050849]]), array([[-0.08951916],
       [ 0.58070084],
       [ 0.9686517 ]]), array([[-0.33689034],
       [ 0.52512194],
       [ 0.90403636]]), array([[-0.40271342],
       [ 0.47694719],
       [ 0.90095084]]), array([[-0.38375326],
       [ 0.44906952],
       [ 0.9243358 ]]), array([[-0.37873748],
       [ 0.44865537],
       [ 0.92705924]]), array([[-0.36614592],
       [ 0.43473833],
       [ 0.94444304]]), array([[-0.37662928],
       [ 0.40879897],
       [ 0.95869999]]), array([[-0.44290709],
       [ 0.37095809],
       [ 0.95930752]]), array([[-0.42879733],
       [ 0.29717699],
       [ 1.00423929]]), array([[-0.32334192],
       [ 0.25526444],
       [ 1.09216587]]), array([[-0.17336114],
       [ 0.18302146],
       [ 1.19794774]]), array([[ 0.00324347],
       [-0.08464222],
       [ 1.28161479]]), array([[ 0.14018373],
       [-0.27521746],
       [ 1.28077341]]), array([[ 0.39535458],
       [-0.13030646],
       [ 1.27495931]]), array([[ 0.62285766],
       [-0.1186976 ],
       [ 1.20997663]]), array([[ 0.66456946],
       [-0.48296518],
       [ 1.1070453 ]]), array([[ 0.67728527],
       [-0.48421481],
       [ 1.10367718]]), array([[ 0.71450253],
       [-0.04895336],
       [ 1.19605837]]), array([[ 0.73393846],
       [ 0.07594204],
       [ 1.1859938 ]]), array([[ 0.72569807],
       [ 0.07928178],
       [ 1.18443877]]), array([[ 0.71772447],
       [ 0.07777937],
       [ 1.18402979]]), array([[ 0.72303144],
       [ 0.06709302],
       [ 1.17891397]]), array([[ 0.72832278],
       [ 0.066191  ],
       [ 1.17533692]]), array([[ 0.74637414],
       [ 0.08853603],
       [ 1.15993544]]), array([[ 0.86136237],
       [ 0.11112697],
       [ 1.09021126]]), array([[ 1.07042843],
       [ 0.12854895],
       [ 0.92453879]]), array([[ 1.17460813],
       [ 0.2366966 ],
       [ 0.78729807]]), array([[ 0.81951266],
       [ 0.71058792],
       [ 0.88558164]]), array([[ 0.74031681],
       [ 0.77814144],
       [ 0.8769181 ]]), array([[ 0.69971218],
       [ 0.82953122],
       [ 0.85252846]]), array([[ 0.6885361 ],
       [ 0.84411993],
       [ 0.85326257]]), array([[ 0.40903484],
       [ 0.97735657],
       [ 0.88359049]]), array([[ 0.10929093],
       [ 0.84642486],
       [ 1.0567991 ]]), array([[-0.11709409],
       [ 0.82156602],
       [ 1.04264577]]), array([[-0.26154927],
       [ 0.89804054],
       [ 0.92236295]]), array([[-0.42374072],
       [ 0.86764587],
       [ 0.86917727]]), array([[-0.44853305],
       [ 0.86252572],
       [ 0.86672423]]), array([[-0.45235642],
       [ 0.85596691],
       [ 0.8743368 ]]), array([[-0.44964918],
       [ 0.85524687],
       [ 0.87820406]]), array([[-0.45607335],
       [ 0.85137939],
       [ 0.87575576]]), array([[-0.48448453],
       [ 0.82251176],
       [ 0.88269452]]), array([[-0.50479426],
       [ 0.63294466],
       [ 1.00764842]]), array([[-0.50483351],
       [ 0.36450046],
       [ 1.1252165 ]]), array([[-0.49668009],
       [ 0.17375819],
       [ 1.17313401]]), array([[-0.51523798],
       [ 0.16799873],
       [ 1.16046035]]), array([[-0.51062228],
       [ 0.13805035],
       [ 1.16650386]]), array([[-0.50472512],
       [ 0.12799641],
       [ 1.17098778]]), array([[-0.50139912],
       [ 0.12431169],
       [ 1.17379602]]), array([[-0.49385478],
       [ 0.12041519],
       [ 1.17898419]]), array([[-0.43318959],
       [ 0.07248914],
       [ 1.2141727 ]]), array([[-0.18283561],
       [-0.05517793],
       [ 1.29372538]]), array([[ 0.00743159],
       [-0.21730848],
       [ 1.29385938]]), array([[ 0.3054919 ],
       [-0.06623169],
       [ 1.28811976]]), array([[ 0.57553801],
       [ 0.13061696],
       [ 1.22001813]]), array([[ 0.68231272],
       [ 0.06957012],
       [ 1.18996101]]), array([[ 0.74561376],
       [ 0.0673351 ],
       [ 1.15799296]]), array([[ 0.81934582],
       [ 0.1021908 ],
       [ 1.11514084]]), array([[ 0.82275866],
       [ 0.20538702],
       [ 1.0893788 ]]), array([[ 0.79089801],
       [ 0.4561307 ],
       [ 1.03174663]]), array([[ 0.64766127],
       [ 0.73524523],
       [ 0.93373168]]), array([[ 0.39816614],
       [ 0.78078399],
       [ 0.98541908]]), array([[ 0.44647037],
       [ 0.72522065],
       [ 0.93954242]]), array([[ 0.36135489],
       [ 0.69727524],
       [ 0.87874772]]), array([[ 0.26520864],
       [ 0.62414651],
       [ 0.86181101]]), array([[ 0.17728446],
       [ 0.66698907],
       [ 0.77950004]]), array([[ 0.08749633],
       [ 0.61555127],
       [ 0.79777706]]), array([[-0.01683169],
       [ 0.56682015],
       [ 0.80333439]]), array([[-0.02706168],
       [ 0.5657764 ],
       [ 0.79958746]]), array([[-0.0381835 ],
       [ 0.57487538],
       [ 0.79081524]]), array([[-0.0512336 ],
       [ 0.57353382],
       [ 0.79074291]]), array([[-0.06563139],
       [ 0.56328866],
       [ 0.7941034 ]]), array([[-0.07094308],
       [ 0.54835705],
       [ 0.80477771]]), array([[-0.07213351],
       [ 0.55570472],
       [ 0.80476556]]), array([[-0.11145756],
       [ 0.55919195],
       [ 0.79919584]]), array([[-0.10772502],
       [ 0.40289015],
       [ 0.90169701]]), array([[-0.00809564],
       [ 0.05631233],
       [ 1.02267188]]), array([[ 0.07969641],
       [ 0.01801001],
       [ 1.03589305]]), array([[ 0.12811408],
       [ 0.09489516],
       [ 1.0245816 ]]), array([[ 0.23080312],
       [ 0.12077162],
       [ 1.02158312]]), array([[ 0.28285389],
       [ 0.11943397],
       [ 1.01402529]]), array([[ 0.35839166],
       [ 0.09262302],
       [ 0.99535757]]), array([[ 0.50506688],
       [-0.0036825 ],
       [ 0.94775381]]), array([[ 0.65923904],
       [ 0.13000244],
       [ 0.85221994]]), array([[ 0.74789327],
       [ 0.21546629],
       [ 0.77751703]]), array([[ 0.71533786],
       [ 0.4523483 ],
       [ 0.70160819]]), array([[ 0.54821655],
       [ 0.64167082],
       [ 0.66276527]]), array([[ 0.53264261],
       [ 0.63267639],
       [ 0.67636042]]), array([[ 0.51017414],
       [ 0.63759846],
       [ 0.68535466]]), array([[ 0.28095624],
       [ 0.72725574],
       [ 0.68733743]]), array([[ 0.12943648],
       [ 0.78441614],
       [ 0.6252076 ]]), array([[ 0.06479077],
       [ 0.75802924],
       [ 0.64747353]]), array([[-0.15052186],
       [ 0.61598809],
       [ 0.73446835]]), array([[-0.19326192],
       [ 0.55360574],
       [ 0.76386809]]), array([[-0.19653352],
       [ 0.54466163],
       [ 0.77393646]]), array([[-0.23587218],
       [ 0.4941478 ],
       [ 0.7947533 ]]), array([[-0.25981653],
       [ 0.41763681],
       [ 0.83486336]]), array([[-0.322874  ],
       [ 0.32404526],
       [ 0.85100465]]), array([[-0.25287521],
       [ 0.16278971],
       [ 0.92851636]]), array([[ 0.01535442],
       [-0.00995926],
       [ 1.01662561]]), array([[ 0.15985093],
       [-0.185121  ],
       [ 1.02504788]]), array([[ 0.32706713],
       [-0.28496792],
       [ 0.98466755]]), array([[ 0.60259897],
       [-0.05238167],
       [ 0.93254924]]), array([[ 0.75701475],
       [ 0.0614782 ],
       [ 0.84117158]]), array([[ 0.83839977],
       [ 0.10225462],
       [ 0.78008689]]), array([[ 0.85290393],
       [ 0.29997704],
       [ 0.69743699]]), array([[ 0.79853162],
       [ 0.44949325],
       [ 0.65615001]]), array([[ 0.69214748],
       [ 0.58568201],
       [ 0.62338627]]), array([[ 0.60539626],
       [ 0.63651467],
       [ 0.61625032]]), array([[ 0.57154087],
       [ 0.62029549],
       [ 0.65001861]]), array([[ 0.54000597],
       [ 0.61250673],
       [ 0.66950447]]), array([[ 0.55226327],
       [ 0.58641813],
       [ 0.69157028]]), array([[ 0.53922031],
       [ 0.59911622],
       [ 0.69105184]]), array([[ 0.52273952],
       [ 0.65487793],
       [ 0.65392319]]), array([[ 0.4713457 ],
       [ 0.73785428],
       [ 0.59670918]]), array([[ 0.28736094],
       [ 0.79368195],
       [ 0.62132624]]), array([[ 0.06115225],
       [ 0.75756328],
       [ 0.67556519]]), array([[-0.14732712],
       [ 0.72423389],
       [ 0.66398904]]), array([[-0.18330397],
       [ 0.71164937],
       [ 0.66102846]]), array([[-0.17458313],
       [ 0.66343674],
       [ 0.71915801]]), array([[-0.20819033],
       [ 0.45838331],
       [ 0.85468481]]), array([[-0.18552984],
       [ 0.33475426],
       [ 0.92125914]]), array([[-0.19779131],
       [ 0.31836612],
       [ 0.92279288]]), array([[-0.13313728],
       [ 0.10580625],
       [ 0.99315096]]), array([[ 0.04771597],
       [-0.1122001 ],
       [ 1.02867564]]), array([[ 0.35398493],
       [-0.04556171],
       [ 1.0025923 ]]), array([[ 0.57277379],
       [-0.15584473],
       [ 0.93048684]]), array([[ 0.83888388],
       [ 0.01432459],
       [ 0.79989586]]), array([[ 0.81771171],
       [ 0.2437799 ],
       [ 0.73931813]]), array([[ 0.7835417 ],
       [ 0.41171752],
       [ 0.67634191]]), array([[ 0.77817528],
       [ 0.48499381],
       [ 0.63539863]]), array([[ 0.71136308],
       [ 0.57679671],
       [ 0.61688159]]), array([[ 0.62480842],
       [ 0.65088828],
       [ 0.60764673]]), array([[ 0.42350967],
       [ 0.76445053],
       [ 0.65815466]]), array([[ 0.2197307 ],
       [ 0.76530876],
       [ 0.7557476 ]]), array([[ 0.12855961],
       [ 0.78436671],
       [ 0.75769955]]), array([[ 0.00051727],
       [ 0.82772076],
       [ 0.71079463]]), array([[-0.17246147],
       [ 0.73591469],
       [ 0.78751493]]), array([[-0.24380597],
       [ 0.62275448],
       [ 0.89135908]]), array([[-0.28356877],
       [ 0.45462292],
       [ 1.00335025]]), array([[-0.35980878],
       [ 0.33016403],
       [ 1.04103632]]), array([[-0.39168594],
       [ 0.24454738],
       [ 1.06822997]]), array([[-0.29720996],
       [ 0.09832165],
       [ 1.12703988]]), array([[-0.19770847],
       [-0.05522045],
       [ 1.15712354]]), array([[-0.1512681 ],
       [-0.12323596],
       [ 1.15618592]]), array([[-0.010687  ],
       [-0.13897682],
       [ 1.16323501]]), array([[ 0.30064735],
       [-0.12869334],
       [ 1.15572441]]), array([[ 0.51374391],
       [-0.12671504],
       [ 1.10503212]]), array([[ 0.76819829],
       [ 0.02316307],
       [ 0.98558692]]), array([[ 0.88825185],
       [ 0.09698789],
       [ 0.88240763]]), array([[ 0.90041453],
       [ 0.3051158 ],
       [ 0.81492595]]), array([[ 0.83120368],
       [ 0.50846307],
       [ 0.77332048]]), array([[ 0.77218679],
       [ 0.54169156],
       [ 0.79442811]]), array([[ 0.67793495],
       [ 0.69245312],
       [ 0.73664348]]), array([[ 0.62486515],
       [ 0.77832169],
       [ 0.70563358]]), array([[ 0.52894301],
       [ 0.7669931 ],
       [ 0.77283778]]), array([[ 0.47636051],
       [ 0.58362844],
       [ 0.94858191]]), array([[ 0.36590058],
       [ 0.63673666],
       [ 0.94842554]]), array([[ 0.24128767],
       [ 0.70892584],
       [ 0.90849847]]), array([[ 0.07311259],
       [ 0.64822469],
       [ 0.95595431]]), array([[-0.04625856],
       [ 0.52498135],
       [ 1.02036023]]), array([[-0.04614336],
       [ 0.47440444],
       [ 1.04480739]]), array([[-0.08418013],
       [ 0.3632321 ],
       [ 1.08234515]]), array([[-0.06737212],
       [ 0.26143911],
       [ 1.12276401]]), array([[-0.03595165],
       [ 0.17657093],
       [ 1.15578197]]), array([[ 0.07139422],
       [ 0.18334981],
       [ 1.15662499]]), array([[ 0.22082398],
       [ 0.15611043],
       [ 1.13453094]]), array([[ 0.31098656],
       [ 0.07300909],
       [ 1.10576957]]), array([[ 0.43198897],
       [ 0.06961262],
       [ 1.03932519]]), array([[ 0.46138299],
       [ 0.28693789],
       [ 0.94198646]]), array([[ 0.45900498],
       [ 0.38499926],
       [ 0.85059416]]), array([[ 0.37369058],
       [ 0.46252528],
       [ 0.79711852]]), array([[ 0.28135551],
       [ 0.51499322],
       [ 0.78886202]]), array([[ 0.12089776],
       [ 0.5993001 ],
       [ 0.74804848]]), array([[ 0.03903677],
       [ 0.68814084],
       [ 0.6803073 ]]), array([[ 0.01346353],
       [ 0.55854368],
       [ 0.79208409]]), array([[-0.07369737],
       [ 0.47807913],
       [ 0.84205835]]), array([[-0.08081723],
       [ 0.44353759],
       [ 0.86069579]]), array([[-0.071072  ],
       [ 0.43416748],
       [ 0.86884266]]), array([[-0.00892401],
       [ 0.32055578],
       [ 0.92448995]]), array([[ 0.04905051],
       [ 0.29749114],
       [ 0.93576372]]), array([[ 0.09691923],
       [ 0.22540504],
       [ 0.94837607]]), array([[ 0.21523745],
       [ 0.175093  ],
       [ 0.95197288]]), array([[ 0.38484312],
       [ 0.24800009],
       [ 0.8956096 ]]), array([[ 0.48842263],
       [ 0.16447985],
       [ 0.87889685]]), array([[ 0.58603928],
       [ 0.04816478],
       [ 0.84624078]]), array([[ 0.69732349],
       [ 0.04067408],
       [ 0.77821716]]), array([[ 0.7586947 ],
       [ 0.0405352 ],
       [ 0.74232603]]), array([[ 0.76055273],
       [ 0.07398247],
       [ 0.74341499]]), array([[ 0.74559674],
       [ 0.22646634],
       [ 0.71883107]]), array([[ 0.72156544],
       [ 0.32582034],
       [ 0.68628159]]), array([[ 0.68449954],
       [ 0.48961777],
       [ 0.61541714]]), array([[ 0.65640959],
       [ 0.508452  ],
       [ 0.62242301]]), array([[ 0.51377978],
       [ 0.62249756],
       [ 0.64584602]]), array([[ 0.34986824],
       [ 0.63931885],
       [ 0.71724419]]), array([[ 0.24612871],
       [ 0.65564801],
       [ 0.73322835]]), array([[ 0.21281677],
       [ 0.67920734],
       [ 0.73697141]]), array([[ 0.09354162],
       [ 0.74379062],
       [ 0.68920968]]), array([[-0.07586588],
       [ 0.68120148],
       [ 0.71993801]]), array([[-0.13818616],
       [ 0.59035638],
       [ 0.78005782]]), array([[-0.13286703],
       [ 0.54136463],
       [ 0.80943575]]), array([[-0.14023525],
       [ 0.49957184],
       [ 0.81566903]]), array([[-0.12820158],
       [ 0.47873971],
       [ 0.82527247]]), array([[-0.13209734],
       [ 0.49199237],
       [ 0.81755547]]), array([[-0.12278071],
       [ 0.49082872],
       [ 0.82089242]]), array([[-0.0884872 ],
       [ 0.45941265],
       [ 0.84597522]]), array([[-0.07524432],
       [ 0.42248103],
       [ 0.85931799]]), array([[ 0.02986742],
       [ 0.17684663],
       [ 0.94710148]]), array([[ 0.09141653],
       [ 0.11297737],
       [ 0.95404494]]), array([[ 0.43814874],
       [ 0.06132309],
       [ 0.9063184 ]]), array([[ 0.67412235],
       [ 0.19898111],
       [ 0.78382386]]), array([[ 0.64514826],
       [ 0.4652297 ],
       [ 0.68756514]]), array([[ 0.59780038],
       [ 0.54558186],
       [ 0.69322228]]), array([[ 0.50035072],
       [ 0.62381702],
       [ 0.76432457]]), array([[ 0.39104745],
       [ 0.69215586],
       [ 0.86312689]]), array([[ 0.38347566],
       [ 0.21398404],
       [ 1.08893403]]), array([[ 0.49987444],
       [ 0.13681081],
       [ 1.06354925]]), array([[ 0.51465127],
       [ 0.03062227],
       [ 1.07477594]]), array([[ 0.53092785],
       [ 0.04836368],
       [ 1.0634922 ]]), array([[ 0.45493363],
       [ 0.09632144],
       [ 1.08072868]]), array([[ 0.33047066],
       [ 0.28235779],
       [ 1.11660879]]), array([[ 0.24821715],
       [ 0.21870899],
       [ 1.1492853 ]]), array([[-0.03807043],
       [ 0.21979454],
       [ 1.06273279]]), array([[-0.14225238],
       [ 0.1066722 ],
       [ 0.98828382]]), array([[-0.13716652],
       [ 0.10448141],
       [ 0.96785702]]), array([[-0.04781407],
       [ 0.03598069],
       [ 1.00715314]]), array([[ 0.37132199],
       [ 0.10252521],
       [ 1.06821608]]), array([[ 0.34925452],
       [ 0.54905099],
       [ 0.98788622]]), array([[ 0.19126015],
       [ 0.83214231],
       [ 0.83070293]]), array([[ 0.11476808],
       [ 0.83613108],
       [ 0.84344501]]), array([[ 0.09253487],
       [ 0.77646317],
       [ 0.90393336]]), array([[ 0.21474184],
       [ 0.47552002],
       [ 1.09393312]]), array([[ 0.36495477],
       [ 0.20376819],
       [ 1.13772508]]), array([[ 0.44773565],
       [ 0.39504303],
       [ 1.1013649 ]]), array([[ 0.52572323],
       [ 0.33601667],
       [ 1.06401346]]), array([[ 0.51142514],
       [ 0.40098822],
       [ 1.02594844]]), array([[ 0.43311595],
       [ 0.38423371],
       [ 1.05712915]]), array([[ 0.48201044],
       [ 0.34971396],
       [ 0.92962446]]), array([[ 0.43116238],
       [ 0.29897657],
       [ 0.99447789]]), array([[ 0.3401875 ],
       [ 0.40225864],
       [ 1.10814915]]), array([[-0.1932406 ],
       [ 0.34316778],
       [ 1.13983375]]), array([[-0.2045172 ],
       [ 0.24063963],
       [ 1.12566447]]), array([[-0.20021992],
       [ 0.23027267],
       [ 1.11314957]]), array([[ 0.21361139],
       [ 0.20515068],
       [ 1.18478755]]), array([[ 0.45741335],
       [ 0.19015717],
       [ 1.08597575]]), array([[ 0.58477776],
       [-0.04661184],
       [ 0.96056538]]), array([[ 0.58745851],
       [-0.15478055],
       [ 0.8797302 ]]), array([[ 0.62976589],
       [-0.16209882],
       [ 0.84225371]]), array([[ 0.55402111],
       [ 0.26879358],
       [ 0.93003098]]), array([[ 0.11187966],
       [ 0.32354399],
       [ 1.17356632]]), array([[-0.36015637],
       [ 0.36702347],
       [ 1.10392919]]), array([[-0.41204318],
       [ 0.26871045],
       [ 1.08077062]]), array([[-0.32114236],
       [ 0.34870722],
       [ 1.10013617]]), array([[ 0.04646042],
       [ 0.6503756 ],
       [ 1.07529794]]), array([[ 0.22306545],
       [ 0.88753291],
       [ 0.87001194]]), array([[-0.0585869 ],
       [ 1.01787972],
       [ 0.67834318]]), array([[-0.18660758],
       [ 0.94796243],
       [ 0.76062914]]), array([[-0.14672816],
       [ 0.66185503],
       [ 1.04933088]]), array([[-0.13225977],
       [ 0.4518061 ],
       [ 1.14935758]]), array([[-0.13760615],
       [ 0.43821476],
       [ 1.15690653]]), array([[-0.14777609],
       [ 0.47146156],
       [ 1.12948567]]), array([[ 0.02714041],
       [ 0.37598196],
       [ 1.15870493]]), array([[ 0.04846235],
       [ 0.26912605],
       [ 1.1771073 ]]), array([[ 0.4166566 ],
       [-0.00871836],
       [ 1.18325461]]), array([[ 0.63546148],
       [-0.10966019],
       [ 1.09199971]]), array([[ 0.67854529],
       [-0.09569577],
       [ 1.00918853]]), array([[ 0.63587479],
       [-0.03553215],
       [ 0.92299923]]), array([[ 0.61875211],
       [-0.06788397],
       [ 0.8669233 ]]), array([[ 0.59369801],
       [-0.03161128],
       [ 0.88584788]]), array([[ 0.60731511],
       [-0.04194843],
       [ 0.88116674]]), array([[ 0.51199088],
       [ 0.09089045],
       [ 0.88091979]]), array([[ 0.36455454],
       [ 0.13386728],
       [ 0.95715031]]), array([[ 0.35934425],
       [ 0.44726362],
       [ 1.06591344]]), array([[ 0.0729192 ],
       [ 0.57782627],
       [ 1.2043317 ]]), array([[-0.23583086],
       [ 0.68042744],
       [ 1.11021823]]), array([[-0.23927693],
       [ 0.55860365],
       [ 1.1439716 ]]), array([[-0.28837575],
       [ 0.52071365],
       [ 1.13001544]]), array([[-0.28204899],
       [ 0.51262328],
       [ 1.13118421]]), array([[-0.28759573],
       [ 0.51567764],
       [ 1.13590253]]), array([[-0.30583256],
       [ 0.51293491],
       [ 1.13191274]]), array([[-0.32370229],
       [ 0.3909291 ],
       [ 1.17494444]]), array([[-0.31848468],
       [ 0.2915173 ],
       [ 1.22276508]]), array([[-0.31592883],
       [ 0.05719519],
       [ 1.261155  ]]), array([[-0.31092685],
       [ 0.05281304],
       [ 1.23116648]]), array([[-0.33008453],
       [ 0.04021454],
       [ 1.17480031]]), array([[-0.27601083],
       [ 0.05881979],
       [ 1.16312455]]), array([[-0.27231886],
       [ 0.1484205 ],
       [ 1.13419058]]), array([[-0.254259  ],
       [ 0.23824477],
       [ 1.13065632]]), array([[-0.27496899],
       [ 0.49289009],
       [ 1.07753868]]), array([[-0.18166966],
       [ 0.63596858],
       [ 1.07727338]]), array([[-0.14569164],
       [ 0.85423017],
       [ 0.88417812]]), array([[-0.12469203],
       [ 0.72198457],
       [ 0.92675141]]), array([[-0.13523813],
       [ 0.70397038],
       [ 0.88614884]]), array([[-0.23507632],
       [ 0.62047683],
       [ 0.85197459]]), array([[-0.19713467],
       [ 0.63873552],
       [ 0.83831443]]), array([[-0.20711744],
       [ 0.58645857],
       [ 0.85816718]]), array([[-0.20953429],
       [ 0.56926994],
       [ 0.86890097]]), array([[-0.22070481],
       [ 0.53970763],
       [ 0.89950573]]), array([[-0.28841574],
       [ 0.42654403],
       [ 1.01814199]]), array([[-0.14699637],
       [ 0.35970015],
       [ 1.1449525 ]]), array([[-0.1099216 ],
       [ 0.4128769 ],
       [ 1.23179723]]), array([[ 0.04317274],
       [ 0.54615127],
       [ 1.24551896]]), array([[ 0.18714216],
       [ 0.3288951 ],
       [ 1.32199213]]), array([[ 0.20191113],
       [ 0.23077173],
       [ 1.28054596]]), array([[ 0.33585426],
       [-0.31032617],
       [ 1.08410716]]), array([[ 0.27219036],
       [-0.0869043 ],
       [ 1.11431303]]), array([[ 0.55298361],
       [ 0.1763434 ],
       [ 1.08177198]]), array([[ 0.8235686 ],
       [ 0.19105584],
       [ 0.94765272]]), array([[ 1.00943125],
       [ 0.12518745],
       [ 0.79444925]]), array([[ 1.06337955],
       [ 0.31134524],
       [ 0.68693218]]), array([[ 0.86821535],
       [ 0.62351347],
       [ 0.68869467]]), array([[ 0.59332847],
       [ 0.82882823],
       [ 0.74591583]]), array([[ 0.1318493 ],
       [ 0.9227059 ],
       [ 0.86854355]]), array([[ 0.02003941],
       [ 0.96809898],
       [ 0.77906504]]), array([[-0.06908889],
       [ 0.82912759],
       [ 0.86488108]]), array([[-0.05478583],
       [ 0.77914237],
       [ 0.86895952]]), array([[-0.14542179],
       [ 0.69235103],
       [ 0.88737532]]), array([[-0.13456464],
       [ 0.73291172],
       [ 0.86838638]]), array([[-0.13606827],
       [ 0.71639492],
       [ 0.88256889]]), array([[-0.14792493],
       [ 0.69007429],
       [ 0.89301677]]), array([[-0.11102741],
       [ 0.4643087 ],
       [ 1.02269295]]), array([[ 0.08627943],
       [ 0.30960076],
       [ 1.14830924]]), array([[ 0.20073487],
       [ 0.31519692],
       [ 1.27155765]]), array([[ 0.13666872],
       [ 0.29495438],
       [ 1.37092533]]), array([[ 0.03630833],
       [ 0.38520594],
       [ 1.29887073]]), array([[ 0.04952334],
       [ 0.32382607],
       [ 1.26079932]]), array([[-0.08283467],
       [ 0.26106924],
       [ 1.27301807]]), array([[-0.14771559],
       [ 0.17661797],
       [ 1.30249547]]), array([[-0.22358792],
       [ 0.17722073],
       [ 1.28253875]]), array([[-0.20503925],
       [ 0.12369864],
       [ 1.26342823]]), array([[-0.04299716],
       [ 0.1729357 ],
       [ 1.18756309]]), array([[ 0.10381507],
       [ 0.21203397],
       [ 1.15866614]]), array([[ 0.12131082],
       [ 0.1226586 ],
       [ 1.17207743]]), array([[ 0.16556518],
       [ 0.24374215],
       [ 1.15668353]]), array([[ 0.26306951],
       [ 0.3827634 ],
       [ 1.0765456 ]]), array([[ 0.26953   ],
       [ 0.35380722],
       [ 1.05724341]]), array([[ 0.2524124 ],
       [ 0.32747917],
       [ 1.07667229]]), array([[ 0.14029496],
       [ 0.29654987],
       [ 1.10686686]]), array([[ 0.01946829],
       [ 0.21381021],
       [ 1.10634851]]), array([[ 0.11421967],
       [ 0.27568083],
       [ 1.10158415]]), array([[ 0.20960555],
       [ 0.36024764],
       [ 1.08737891]]), array([[ 0.22453204],
       [ 0.37801854],
       [ 1.08457015]]), array([[ 0.19873418],
       [ 0.35434193],
       [ 1.09777442]]), array([[ 0.20291348],
       [ 0.3478227 ],
       [ 1.10196493]]), array([[ 0.19581321],
       [ 0.35106952],
       [ 1.09025009]]), array([[ 0.21098495],
       [ 0.34872459],
       [ 1.06428837]]), array([[ 0.182855  ],
       [ 0.30657164],
       [ 1.05416208]])]
===== opencv end =====