===== please wait for opencv camera calibration using aprilgrid =====
ret : 

0.383588557008
Camera matrix : 

[[ 14839.73738348      0.            639.96850023]
 [     0.          13894.69652672    478.8815305 ]
 [     0.              0.              1.        ]]
dist : 

[[   3.6861551   865.38231174    0.45370999    0.04171001    1.14128763]]
rvecs : 

[array([[-0.01002476],
       [-2.76484798],
       [ 0.02229576]]), array([[-0.0230696 ],
       [-2.78109882],
       [-0.08335876]]), array([[ 0.00474992],
       [-2.77765226],
       [-0.12855038]]), array([[-0.01371799],
       [-2.74774281],
       [-0.07092223]]), array([[ 0.0308824 ],
       [-2.72631154],
       [-0.02753273]]), array([[ 0.00512647],
       [-2.75478749],
       [-0.04736702]]), array([[ 0.05709793],
       [ 2.7934531 ],
       [-0.17845237]]), array([[-0.00028258],
       [ 2.7480842 ],
       [-0.10736648]]), array([[-0.0168668 ],
       [ 2.79011737],
       [-0.01412471]]), array([[-0.02042207],
       [ 3.46888371],
       [ 0.04370129]]), array([[-0.01046684],
       [ 2.74105326],
       [-0.14490511]]), array([[ 0.03197063],
       [ 2.75044063],
       [-0.19278242]]), array([[ 0.00826979],
       [ 2.76786059],
       [-0.16956476]]), array([[-0.03692249],
       [ 2.73666648],
       [-0.12747626]]), array([[-0.07665624],
       [ 3.40911   ],
       [ 0.1436793 ]]), array([[ 0.03384517],
       [ 2.78245057],
       [-0.07665851]]), array([[-0.02908835],
       [ 2.75986532],
       [-0.08047844]]), array([[-0.06568279],
       [ 3.39981853],
       [ 0.09673452]]), array([[ 0.01197788],
       [-2.7827733 ],
       [-0.14693642]]), array([[ 0.02123839],
       [-2.74858505],
       [-0.07421157]]), array([[ 0.00572081],
       [-2.77316674],
       [-0.02368211]]), array([[-0.0241853 ],
       [-2.79021244],
       [-0.19320891]]), array([[ 0.04230898],
       [-2.7964654 ],
       [-0.01157866]]), array([[ 0.02463282],
       [-2.93316725],
       [ 0.22950458]]), array([[ 0.03997178],
       [-2.77756171],
       [ 0.12919365]]), array([[-0.0129777 ],
       [-2.71636222],
       [-0.0872354 ]]), array([[-0.01977196],
       [-2.77273344],
       [-0.17533686]]), array([[ 0.06249118],
       [ 3.47752975],
       [ 0.11330147]]), array([[-0.0274451 ],
       [ 3.49637141],
       [ 0.13810397]]), array([[-0.00385812],
       [ 2.69184193],
       [-0.13228212]]), array([[-0.09830851],
       [ 3.45103987],
       [ 0.08930506]]), array([[ 0.02018128],
       [ 2.72629137],
       [-0.2987066 ]]), array([[ 0.02842707],
       [ 2.8048908 ],
       [-0.21755865]]), array([[-0.03983967],
       [-2.7835851 ],
       [-0.17653987]]), array([[ 0.01286055],
       [ 2.7317241 ],
       [-0.13009367]]), array([[-0.14599552],
       [ 3.33060362],
       [ 0.2029504 ]]), array([[ 0.03557457],
       [-2.74192949],
       [ 0.00517961]]), array([[-0.00458794],
       [-2.72862005],
       [-0.10259334]]), array([[ 0.02313127],
       [-2.71390894],
       [-0.08538632]]), array([[ 0.03238376],
       [-2.7852609 ],
       [-0.01216874]]), array([[ 0.02630994],
       [ 2.71737137],
       [-0.1339794 ]]), array([[-0.02189782],
       [ 3.44226763],
       [ 0.10480341]]), array([[-0.00851388],
       [ 2.75842416],
       [-0.06747992]]), array([[ 0.00457012],
       [ 2.74156816],
       [-0.04249425]])]
tvecs : 

[array([[   0.62301773],
       [  -1.49071558],
       [ 105.06496679]]), array([[   0.66876231],
       [  -0.54647901],
       [ 105.74865376]]), array([[   0.62121527],
       [   0.10776726],
       [ 106.4027715 ]]), array([[  -1.5168631 ],
       [   0.13531093],
       [ 116.92059116]]), array([[  -1.44742374],
       [  -0.74280097],
       [ 115.54675973]]), array([[  -1.47261845],
       [  -1.51715208],
       [ 117.86041789]]), array([[  -3.39856771],
       [   0.03975434],
       [ 122.89231052]]), array([[  -3.28783087],
       [  -0.81563948],
       [ 118.882418  ]]), array([[  -3.35951484],
       [  -1.58534756],
       [ 123.06970272]]), array([[  -4.44754449],
       [  -1.55988134],
       [ 120.47803248]]), array([[  -4.3336617 ],
       [  -0.65205669],
       [ 118.75840967]]), array([[  -4.34216602],
       [   0.09492975],
       [ 120.77498615]]), array([[  -3.86173651],
       [   0.14930767],
       [ 105.25318361]]), array([[  -3.48540896],
       [  -0.6421819 ],
       [ 101.38117171]]), array([[  -3.51892703],
       [  -1.4636222 ],
       [ 103.88918962]]), array([[  -2.34318673],
       [   0.12354274],
       [ 105.26029475]]), array([[  -2.34459408],
       [  -0.7350474 ],
       [ 102.63876953]]), array([[  -2.3955172 ],
       [  -1.49979033],
       [ 107.55248727]]), array([[  -0.83039042],
       [   0.12834548],
       [ 105.57919989]]), array([[  -0.87331268],
       [  -0.71134307],
       [ 102.209592  ]]), array([[  -0.95714784],
       [  -1.50946582],
       [ 105.51671684]]), array([[  0.21772198],
       [  0.12915302],
       [ 99.98714875]]), array([[  0.19986196],
       [ -0.85958288],
       [ 97.86502733]]), array([[   0.25491697],
       [  -1.50602965],
       [ 105.15050238]]), array([[ -0.3146436 ],
       [ -1.30199719],
       [ 76.00289779]]), array([[ -0.29346395],
       [ -0.37011135],
       [ 72.3610096 ]]), array([[ -0.26758024],
       [  0.32773018],
       [ 73.74945543]]), array([[ -1.53126037],
       [  0.31520834],
       [ 74.31382183]]), array([[ -1.5206075 ],
       [ -0.49356191],
       [ 71.8102968 ]]), array([[ -1.52383441],
       [ -1.20922759],
       [ 71.11195492]]), array([[ -2.50254202],
       [ -1.22383261],
       [ 73.88859356]]), array([[ -2.4649319 ],
       [ -0.56195415],
       [ 71.96009293]]), array([[ -2.52439929],
       [  0.32674444],
       [ 75.3597897 ]]), array([[ -1.70262832],
       [  0.41879702],
       [ 56.04862763]]), array([[ -1.67809906],
       [ -0.44498885],
       [ 53.91007569]]), array([[ -1.67006505],
       [ -1.12091496],
       [ 56.24008421]]), array([[ -0.55688031],
       [ -1.16015267],
       [ 57.53205088]]), array([[ -0.53492109],
       [ -0.34834957],
       [ 56.55453786]]), array([[ -0.55185829],
       [  0.04648249],
       [ 56.64459436]]), array([[ -1.04919793],
       [ -0.0455595 ],
       [ 45.3280607 ]]), array([[ -0.99263811],
       [ -0.70546642],
       [ 44.53632975]]), array([[ -0.71948476],
       [ -0.93549166],
       [ 46.43875219]]), array([[ -0.67168603],
       [ -0.23975458],
       [ 46.00065156]]), array([[ -0.70045673],
       [  0.11023227],
       [ 46.30170791]])]
===== opencv end =====