===== please wait for opencv camera calibration using aprilgrid =====
ret : 

5.43772326541
Camera matrix : 

[[ 837.44912024    0.          569.58184183]
 [   0.          688.0165106   406.50987041]
 [   0.            0.            1.        ]]
dist : 

[[ -2.66820756  -7.15845133  -0.59603717  -0.41412228  14.54236603]]
rvecs : 

[array([[-3.29681532],
       [ 0.01010679],
       [ 0.84569611]]), array([[-3.29758897],
       [ 0.01383713],
       [ 0.84879449]]), array([[-3.29875798],
       [ 0.00420067],
       [ 0.85302697]]), array([[-3.30085564],
       [-0.00225584],
       [ 0.8552715 ]]), array([[-3.30032438],
       [ 0.00091396],
       [ 0.85448444]]), array([[-3.30224323],
       [-0.00319706],
       [ 0.85167791]]), array([[-3.30351656],
       [-0.00209653],
       [ 0.85042468]]), array([[-3.30510038],
       [ 0.00511937],
       [ 0.84909737]]), array([[-3.30735289],
       [ 0.01481658],
       [ 0.84768359]]), array([[-3.3074659 ],
       [ 0.01485115],
       [ 0.84821475]]), array([[-3.3071037 ],
       [ 0.01200648],
       [ 0.84790276]]), array([[-3.30683402],
       [ 0.01313652],
       [ 0.8481245 ]]), array([[-3.30612971],
       [ 0.01153563],
       [ 0.84889248]]), array([[-3.30510151],
       [ 0.00754162],
       [ 0.8504007 ]]), array([[-3.30393942],
       [ 0.00347369],
       [ 0.85155602]]), array([[-3.3038791 ],
       [ 0.00175263],
       [ 0.85203238]]), array([[-3.30357135],
       [ 0.00030226],
       [ 0.85216525]]), array([[-3.30322845],
       [-0.00169515],
       [ 0.85168187]]), array([[-3.30330705],
       [-0.0019199 ],
       [ 0.85175053]]), array([[-3.30301654],
       [-0.00203578],
       [ 0.85087792]]), array([[-3.30265403],
       [-0.00394741],
       [ 0.84966675]]), array([[-3.30169361],
       [-0.00782767],
       [ 0.85040179]]), array([[-3.30082776],
       [-0.00948942],
       [ 0.85066722]]), array([[-3.30026719],
       [-0.01156785],
       [ 0.85214562]]), array([[-3.29994514],
       [-0.0145177 ],
       [ 0.85167747]]), array([[-3.29962654],
       [-0.01637085],
       [ 0.85163329]]), array([[-3.2997411 ],
       [-0.01756881],
       [ 0.85263816]]), array([[-3.30102925],
       [-0.01520429],
       [ 0.85360099]]), array([[-3.30175074],
       [-0.01526475],
       [ 0.85318796]]), array([[-3.30096517],
       [-0.01727377],
       [ 0.85208315]]), array([[-3.30048019],
       [-0.01878596],
       [ 0.85127986]]), array([[-3.31579493],
       [ 0.01555575],
       [ 0.84497727]]), array([[-3.34352916],
       [ 0.05951177],
       [ 0.84526568]]), array([[-3.35226278],
       [-0.00418994],
       [ 0.88613654]]), array([[-3.29192196],
       [-0.0632962 ],
       [ 0.92986107]]), array([[-3.28555782],
       [-0.01518972],
       [ 0.92596269]]), array([[-3.24093263],
       [ 0.05468182],
       [ 0.87343248]]), array([[-3.10152702],
       [ 0.08095621],
       [ 0.81946912]]), array([[-3.18745219],
       [ 0.19545192],
       [ 0.73812966]]), array([[-3.23126074],
       [ 0.07632852],
       [ 0.7853758 ]]), array([[-3.26472378],
       [-0.03323899],
       [ 0.8068303 ]]), array([[-3.27654114],
       [-0.18251367],
       [ 0.77525709]]), array([[-3.19378667],
       [-0.48645958],
       [ 0.775326  ]]), array([[-3.09356918],
       [-0.7131215 ],
       [ 0.85393854]]), array([[-2.52263866],
       [-0.59900122],
       [-1.15599611]]), array([[ 2.9506202 ],
       [ 0.84484761],
       [ 1.43180449]]), array([[ 2.8691688 ],
       [ 0.90096177],
       [ 1.39935382]]), array([[ 2.73775782],
       [ 0.98713644],
       [ 1.35659753]]), array([[ 2.45767531],
       [ 1.24279503],
       [ 1.43760957]]), array([[ 2.32134428],
       [ 1.34334263],
       [ 1.46093248]]), array([[ 2.45540741],
       [ 1.30035258],
       [ 1.49122103]]), array([[ 2.59975713],
       [ 1.23618758],
       [ 1.50329437]]), array([[-2.45065805],
       [-1.03225576],
       [-1.32322273]]), array([[-2.50243824],
       [-0.8913547 ],
       [-1.22166313]]), array([[-2.92902344],
       [-0.99059462],
       [ 0.8991737 ]]), array([[-2.98002162],
       [-0.9242681 ],
       [ 0.85029176]]), array([[-3.05453716],
       [-0.83790406],
       [ 0.79200775]]), array([[-3.06485804],
       [-0.80467477],
       [ 0.6993994 ]]), array([[-3.07594433],
       [-0.75517176],
       [ 0.65073464]]), array([[-3.19884691],
       [-0.66059346],
       [ 0.6250674 ]]), array([[-3.36232014],
       [-0.36207699],
       [ 0.457184  ]]), array([[-3.31393989],
       [-0.25002718],
       [ 0.46824995]]), array([[-3.15139901],
       [-0.35090052],
       [ 0.7481763 ]]), array([[-3.05239978],
       [-0.38156892],
       [ 0.98066082]]), array([[-3.02805829],
       [-0.28948737],
       [ 1.16191956]]), array([[-3.1261624 ],
       [-0.17708619],
       [ 1.11167084]]), array([[ 2.7516228 ],
       [ 0.09345699],
       [-0.86469911]]), array([[ 2.75708545],
       [ 0.12993451],
       [-0.7996916 ]]), array([[ 2.74699579],
       [ 0.26202482],
       [-0.70132834]]), array([[ 2.76946243],
       [ 0.41478794],
       [-0.58962616]]), array([[ 3.16473032],
       [ 0.71908746],
       [ 1.2963667 ]]), array([[ 2.9380243 ],
       [ 0.91110313],
       [ 1.31934886]]), array([[ 2.75452458],
       [ 1.04173482],
       [ 1.41094551]]), array([[ 2.76461408],
       [ 1.06597075],
       [ 1.4291811 ]]), array([[ 2.73263779],
       [ 1.10820718],
       [ 1.52319589]]), array([[-2.37558748],
       [-1.05759412],
       [-1.4187779 ]]), array([[-2.2711352 ],
       [-1.04007426],
       [-1.35261523]]), array([[-2.26501446],
       [-0.97202554],
       [-1.32432333]]), array([[-2.27444344],
       [-0.85902941],
       [-1.29197429]]), array([[-2.31918243],
       [-0.81209515],
       [-1.27958188]]), array([[-3.06460639],
       [-0.96539403],
       [ 0.8113595 ]]), array([[-2.36340011],
       [-0.62885715],
       [-1.06818759]]), array([[-2.39544063],
       [-0.56164146],
       [-0.97006181]]), array([[-2.39186572],
       [-0.57363782],
       [-0.84920706]]), array([[-2.38611105],
       [-0.59265438],
       [-0.67441499]]), array([[-2.31535838],
       [-0.41965683],
       [-0.92093495]]), array([[-2.34010268],
       [-0.28046085],
       [-0.89629396]]), array([[-3.35230189],
       [-0.26272488],
       [ 0.51461227]]), array([[-3.2382001 ],
       [-0.35005668],
       [ 0.78431157]]), array([[-3.20493824],
       [-0.35137288],
       [ 0.93251548]]), array([[-3.20348733],
       [-0.39382341],
       [ 0.92514933]]), array([[-3.12748653],
       [-0.56789727],
       [ 0.93220351]]), array([[-3.06736034],
       [-0.77070858],
       [ 0.92882218]]), array([[-3.04248351],
       [-0.83214319],
       [ 0.88666024]]), array([[-3.08038639],
       [-0.8578123 ],
       [ 0.87231677]]), array([[-2.49652287],
       [-0.66643222],
       [-1.27059557]]), array([[-3.15201833],
       [-0.7672853 ],
       [ 0.91493561]]), array([[-2.4267075 ],
       [-0.8181778 ],
       [-1.32453712]]), array([[-2.405734  ],
       [-0.85531512],
       [-1.33700267]]), array([[-2.37566781],
       [-0.93148162],
       [-1.3435982 ]]), array([[-2.35698492],
       [-1.03590085],
       [-1.35199759]]), array([[-2.28612796],
       [-1.12321381],
       [-1.40527913]]), array([[-2.22516955],
       [-1.1781831 ],
       [-1.3746007 ]]), array([[-2.15709549],
       [-1.17908184],
       [-1.40778402]]), array([[-2.12937841],
       [-1.27172453],
       [-1.39598238]]), array([[-2.11575487],
       [-1.25194833],
       [-1.33827659]]), array([[-2.09312549],
       [-1.11323482],
       [-1.33125597]]), array([[-2.09705782],
       [-1.07693848],
       [-1.32718273]]), array([[-2.12359828],
       [-1.05719744],
       [-1.179781  ]]), array([[-2.13534649],
       [-0.9884014 ],
       [-1.05626736]]), array([[-2.22721715],
       [-0.84935907],
       [-1.2474296 ]]), array([[-2.31990127],
       [-0.72918151],
       [-1.28042934]]), array([[-2.3861488 ],
       [-0.59703691],
       [-1.21262981]]), array([[-2.39251782],
       [-0.50777105],
       [-1.20005887]]), array([[-3.32381455],
       [-0.47069567],
       [ 0.79250973]]), array([[-3.33091742],
       [-0.38882892],
       [ 0.71815704]]), array([[-3.38114002],
       [-0.27261459],
       [ 0.66804519]]), array([[-3.41563921],
       [-0.18301313],
       [ 0.63494086]]), array([[-2.44281015],
       [-0.17529   ],
       [-0.93359555]]), array([[-3.36877137],
       [-0.26996532],
       [ 0.56622492]]), array([[-3.27458438],
       [-0.33288189],
       [ 0.48171302]]), array([[-3.12590036],
       [-0.34564208],
       [ 0.41560764]]), array([[-3.14289861],
       [-0.30867481],
       [ 0.47413178]]), array([[-3.13203952],
       [-0.34280579],
       [ 0.74495303]]), array([[-3.0308341 ],
       [-0.46151688],
       [ 0.99464907]]), array([[-3.09761501],
       [-0.36767846],
       [ 1.11225851]]), array([[-3.13658096],
       [-0.15031105],
       [ 1.08875611]]), array([[ 2.83680702],
       [ 0.01441607],
       [-0.9815829 ]]), array([[ 2.79689897],
       [-0.03176018],
       [-0.94141361]]), array([[ 2.72755507],
       [-0.05299991],
       [-0.87092501]]), array([[ 2.6815269 ],
       [-0.0617471 ],
       [-0.90871123]]), array([[ 2.70609648],
       [ 0.11661391],
       [-0.91004612]]), array([[-3.1947748 ],
       [-0.35356385],
       [ 1.06973659]]), array([[-3.13257643],
       [-0.54675691],
       [ 1.01376388]]), array([[-3.02882159],
       [-0.80943859],
       [ 0.95471424]]), array([[-2.98227122],
       [-0.90768718],
       [ 0.89835526]]), array([[-2.97992722],
       [-0.93316897],
       [ 0.88675201]]), array([[-2.92319218],
       [-1.04863463],
       [ 0.91619787]]), array([[-2.42433034],
       [-1.01904944],
       [-1.27270859]]), array([[-2.3201831 ],
       [-1.12295592],
       [-1.29739751]]), array([[-2.24500465],
       [-1.08918352],
       [-1.29739597]]), array([[-2.20318196],
       [-1.07452504],
       [-1.28519824]]), array([[-2.08848454],
       [-1.03556834],
       [-1.22160648]]), array([[-2.15056481],
       [-0.66083763],
       [-1.04651248]]), array([[-2.28994085],
       [-0.46259833],
       [-0.92393236]]), array([[-2.32224946],
       [-0.32053073],
       [-0.82972582]]), array([[-2.42066336],
       [-0.25426796],
       [-0.81979118]]), array([[-2.48694527],
       [-0.24637425],
       [-0.7440521 ]]), array([[-2.57349648],
       [-0.12673471],
       [-0.48212336]]), array([[-2.53162937],
       [-0.15348291],
       [-0.63813502]]), array([[-3.19574197],
       [-0.0919762 ],
       [ 0.4271929 ]]), array([[-3.15318867],
       [-0.01841479],
       [ 0.55745142]]), array([[-3.07518204],
       [ 0.0484697 ],
       [ 0.66240725]]), array([[-2.95798237],
       [-0.08814798],
       [ 0.8925427 ]]), array([[-2.89372888],
       [-0.2142956 ],
       [ 1.11319631]]), array([[-2.74577202],
       [-0.41501848],
       [ 1.29065481]]), array([[-2.86797604],
       [-0.5387546 ],
       [ 1.19941092]]), array([[-2.961344  ],
       [-0.62716306],
       [ 1.20471686]]), array([[-3.01312261],
       [-0.55483709],
       [ 1.0289336 ]]), array([[-3.02551444],
       [-0.59099427],
       [ 0.96080087]]), array([[-3.07962094],
       [-0.57334959],
       [ 0.90202244]]), array([[-3.14139135],
       [-0.4999443 ],
       [ 0.83249861]]), array([[-3.1549365 ],
       [-0.52861077],
       [ 0.82830119]]), array([[-3.17532381],
       [-0.56985114],
       [ 0.87542897]]), array([[-2.47777466],
       [-0.46029884],
       [-1.18902392]]), array([[-2.45552228],
       [-0.44479054],
       [-1.205957  ]]), array([[-2.44654911],
       [-0.39862412],
       [-1.17124085]]), array([[-2.44328071],
       [-0.38056022],
       [-1.13629585]]), array([[-2.43483479],
       [-0.37629564],
       [-1.12227471]]), array([[-2.43575597],
       [-0.3752459 ],
       [-1.11234635]]), array([[-2.44060891],
       [-0.3765932 ],
       [-1.12156581]]), array([[-3.20001781],
       [-0.57152288],
       [ 0.82919353]]), array([[-2.46322238],
       [-0.54504008],
       [-1.23182762]]), array([[ 3.07103733],
       [ 0.63009925],
       [ 1.50969508]]), array([[ 3.11442143],
       [ 0.59707189],
       [ 1.44839848]]), array([[ 3.12719828],
       [ 0.56752974],
       [ 1.33154814]]), array([[ 3.13611731],
       [ 0.57321482],
       [ 1.33686365]]), array([[ 3.22449357],
       [ 0.60417554],
       [ 1.18636002]]), array([[ 3.15523694],
       [ 0.59055456],
       [ 1.34194635]]), array([[ 3.15422652],
       [ 0.58603786],
       [ 1.41978357]]), array([[-2.46425996],
       [-0.47110095],
       [-1.13602703]]), array([[-3.13688354],
       [-0.68480264],
       [ 0.72805287]]), array([[-3.13059722],
       [-0.69968987],
       [ 0.58905126]]), array([[-2.45112478],
       [-0.42046583],
       [-0.88204771]]), array([[-2.37227479],
       [-0.3146114 ],
       [-0.81687849]]), array([[-2.34505804],
       [-0.19825082],
       [-0.72511275]]), array([[-2.2480219 ],
       [-0.13611218],
       [-0.66147872]]), array([[-2.22903521],
       [-0.15044099],
       [-0.697028  ]]), array([[-2.27160828],
       [-0.15805518],
       [-0.56635027]]), array([[-2.40158381],
       [-0.20285564],
       [-0.66728304]]), array([[-2.43373793],
       [-0.22652988],
       [-0.85786308]]), array([[-2.4328798 ],
       [-0.26806867],
       [-1.02746047]]), array([[-2.37622174],
       [-0.30606293],
       [-1.12172086]]), array([[-3.45854336],
       [-0.31256924],
       [ 0.7528051 ]]), array([[-2.29521687],
       [-0.44514611],
       [-1.22850452]]), array([[-2.25997094],
       [-0.56506813],
       [-1.31806754]]), array([[-2.21179346],
       [-0.62687332],
       [-1.36385464]]), array([[-2.1803767 ],
       [-0.63353167],
       [-1.33059611]]), array([[-2.11890714],
       [-0.6688288 ],
       [-1.34144714]]), array([[-2.09371423],
       [-0.66435627],
       [-1.29705308]]), array([[-2.19832279],
       [-0.64619591],
       [-1.27854224]]), array([[-2.22491555],
       [-0.59709876],
       [-1.27136836]]), array([[-2.38261354],
       [-0.49108122],
       [-1.19501962]]), array([[-2.45300135],
       [-0.47177057],
       [-1.12124076]]), array([[-3.20137122],
       [-0.48624684],
       [ 0.7993952 ]]), array([[-3.23605153],
       [-0.30363761],
       [ 0.7744858 ]]), array([[-3.22172771],
       [-0.25295913],
       [ 0.88879337]]), array([[-3.16349727],
       [-0.31564754],
       [ 0.91450772]]), array([[-3.01944936],
       [-0.71554531],
       [ 0.98172647]]), array([[-2.77335059],
       [-1.07618621],
       [ 1.0826227 ]]), array([[-2.61201425],
       [-1.34001078],
       [ 1.10903868]]), array([[-2.51758229],
       [-1.48671978],
       [ 1.08899483]]), array([[-2.51929662],
       [-1.43095958],
       [ 1.02331782]]), array([[-2.67907178],
       [-1.14873957],
       [ 0.9714677 ]]), array([[-2.86630287],
       [-0.84526614],
       [ 0.93614427]]), array([[-3.04761288],
       [-0.62567033],
       [ 0.93699973]]), array([[-3.12056843],
       [-0.4979937 ],
       [ 0.97995014]]), array([[-3.13681229],
       [-0.52333734],
       [ 0.98692846]]), array([[-3.17301343],
       [-0.47198197],
       [ 0.91932913]]), array([[-3.19412193],
       [-0.49381298],
       [ 0.8819953 ]]), array([[-3.18426409],
       [-0.59413555],
       [ 0.87357316]]), array([[-3.15667861],
       [-0.67875306],
       [ 0.85210981]]), array([[-3.12902526],
       [-0.77250091],
       [ 0.79218731]]), array([[-3.14262391],
       [-0.82211865],
       [ 0.7511302 ]]), array([[-2.38639744],
       [-0.61319268],
       [-1.22758961]]), array([[-2.30073309],
       [-0.74576601],
       [-1.28792488]]), array([[-2.22052293],
       [-1.11720494],
       [-1.31677615]]), array([[-2.22574386],
       [-1.78019786],
       [-1.23413184]]), array([[-2.11648252],
       [-1.89235781],
       [-1.13804874]]), array([[-2.01314436],
       [-1.90538432],
       [-1.17153889]]), array([[-2.03038515],
       [-1.80589566],
       [-1.20177556]]), array([[-2.15946278],
       [-1.68508758],
       [-1.27073403]]), array([[-2.31618155],
       [-1.45399867],
       [-1.30664284]]), array([[-2.7822298 ],
       [-1.38148287],
       [ 0.91532294]]), array([[-2.88687392],
       [-1.20427291],
       [ 0.92212649]]), array([[-3.05049078],
       [-0.86683133],
       [ 0.8957888 ]]), array([[-3.21409609],
       [-0.48777559],
       [ 0.92649534]]), array([[-3.28457354],
       [-0.13419291],
       [ 0.92490121]]), array([[ 2.73319294],
       [-0.23341397],
       [-0.73440265]]), array([[ 2.68109775],
       [-0.6096799 ],
       [-0.71687183]]), array([[ 2.6686329 ],
       [-0.89701364],
       [-0.62120873]]), array([[ 2.72702581],
       [-0.63177715],
       [-0.70078811]]), array([[ 2.76857916],
       [-0.24134898],
       [-0.70921802]]), array([[ 2.78200026],
       [ 0.07412762],
       [-0.70747128]]), array([[ 2.79405038],
       [ 0.25253154],
       [-0.7157574 ]]), array([[ 2.81755309],
       [ 0.53497176],
       [-0.780046  ]]), array([[ 2.79100992],
       [ 0.94062062],
       [-0.90661522]]), array([[-2.4855657 ],
       [-1.37829198],
       [-1.2694241 ]]), array([[-2.30416993],
       [-1.71335518],
       [-1.3310682 ]]), array([[-2.12807647],
       [-1.91385789],
       [-1.32749969]]), array([[-2.04559811],
       [-1.96080074],
       [-1.32394139]]), array([[-2.01019597],
       [-1.86297887],
       [-1.23182802]]), array([[-1.91916719],
       [-1.81269827],
       [-1.19225377]]), array([[-1.91919807],
       [-1.75248167],
       [-1.11305863]]), array([[-1.9635777 ],
       [-1.68560915],
       [-1.10213592]]), array([[-2.14120043],
       [-1.55606547],
       [-1.24463921]]), array([[-2.2470435 ],
       [-1.39137623],
       [-1.36323988]]), array([[-2.37616445],
       [-1.11000115],
       [-1.33965029]]), array([[-2.42009539],
       [-0.81318661],
       [-1.30790401]]), array([[-2.42618307],
       [-0.67906942],
       [-1.29354891]]), array([[-2.44907002],
       [-0.69300153],
       [-1.17411351]]), array([[-2.46475597],
       [-0.7108877 ],
       [-0.92732618]]), array([[-3.17679672],
       [-0.62220606],
       [ 0.43218667]]), array([[-2.44108341],
       [-0.30562024],
       [-0.86800425]]), array([[-2.47699418],
       [-0.11212348],
       [-0.6047571 ]]), array([[-3.14924464],
       [-0.11917868],
       [ 0.51583964]]), array([[-2.93833795],
       [-0.30039188],
       [ 0.81209481]]), array([[-2.88427676],
       [-0.48420808],
       [ 1.03809205]]), array([[-2.86590719],
       [-0.57752416],
       [ 1.20946195]]), array([[-2.95727985],
       [-0.61065592],
       [ 1.16028776]]), array([[-3.10142832],
       [-0.45931769],
       [ 1.07297665]]), array([[-3.19649536],
       [-0.32908612],
       [ 0.95279025]]), array([[-3.21287062],
       [-0.2832123 ],
       [ 0.8478934 ]]), array([[-3.13976315],
       [-0.43637559],
       [ 0.93710729]]), array([[-2.94613998],
       [-0.74303987],
       [ 0.87967773]]), array([[-2.95119622],
       [-0.86131527],
       [ 1.01020544]]), array([[-2.9421743 ],
       [-0.92062934],
       [ 1.00222332]]), array([[-2.93697364],
       [-0.93559048],
       [ 1.03272915]]), array([[-3.0042562 ],
       [-0.8570767 ],
       [ 1.09032243]]), array([[-3.13877857],
       [-0.63637129],
       [ 1.09721437]]), array([[ 2.76268925],
       [ 0.57734936],
       [-0.82517112]]), array([[ 2.91788491],
       [ 0.87657263],
       [ 1.32402506]]), array([[ 2.63223443],
       [ 1.13285945],
       [ 1.46591299]]), array([[-2.33763625],
       [-1.40036563],
       [-1.4601519 ]]), array([[-2.16337694],
       [-1.56565666],
       [-1.39841638]]), array([[-2.16994379],
       [-1.48921201],
       [-1.31176399]]), array([[-2.28125611],
       [-1.30055529],
       [-1.31578335]]), array([[-2.31261268],
       [-1.21793256],
       [-1.31013136]]), array([[-2.36047506],
       [-1.0456822 ],
       [-1.24944854]]), array([[-2.41839577],
       [-0.55119768],
       [-1.21890061]]), array([[-2.42742217],
       [-0.57073434],
       [-1.16580437]]), array([[-2.40637196],
       [-0.58184251],
       [-1.10119901]]), array([[-2.39932347],
       [-0.70196266],
       [-1.07013795]]), array([[-3.0932736 ],
       [-0.99199474],
       [ 0.79632198]]), array([[-2.44873216],
       [-0.90866498],
       [-1.16533986]]), array([[-2.49701923],
       [-0.82256369],
       [-1.27173425]]), array([[-3.08788811],
       [-0.70503185],
       [ 0.857407  ]]), array([[-3.18622433],
       [-0.54915753],
       [ 0.73972784]]), array([[-3.23977051],
       [-0.32649493],
       [ 0.71614513]]), array([[-3.24652236],
       [-0.10113555],
       [ 0.81322407]]), array([[-3.18053317],
       [ 0.01171834],
       [ 0.91861294]]), array([[ 2.85880452],
       [-0.2115124 ],
       [-0.83857217]]), array([[ 2.83868029],
       [-0.30545212],
       [-0.8064171 ]]), array([[ 2.82926072],
       [-0.31208582],
       [-0.823994  ]]), array([[ 2.73253748],
       [-0.19796047],
       [-0.88927374]]), array([[ 2.73037137],
       [-0.06399586],
       [-0.91991968]]), array([[ 2.76345005],
       [ 0.15244359],
       [-0.90892967]]), array([[ 2.72126   ],
       [ 0.46005226],
       [-0.87576844]]), array([[ 2.72632124],
       [ 0.86486638],
       [-0.92677936]]), array([[ 2.68738029],
       [ 1.15765293],
       [-0.9181977 ]]), array([[ 2.67377764],
       [ 1.34902052],
       [-0.91187122]]), array([[ 2.68026038],
       [ 1.44489575],
       [-0.90465561]]), array([[-2.45887991],
       [-1.60391641],
       [ 0.77231627]]), array([[-2.43670679],
       [-1.65226453],
       [ 0.711361  ]]), array([[-2.34178901],
       [-1.26637578],
       [-1.21920698]]), array([[-2.38649026],
       [-0.98598201],
       [-1.17928281]]), array([[-2.42196601],
       [-0.66116165],
       [-1.12329688]]), array([[ 3.29005536],
       [ 0.50935329],
       [ 1.43521084]]), array([[ 3.42542268],
       [ 0.23668222],
       [ 1.43268271]]), array([[-3.33498073],
       [-0.14263312],
       [ 0.62714689]]), array([[ 2.79978911],
       [ 0.06558802],
       [-0.55723119]]), array([[-3.35676431],
       [-0.03585738],
       [ 0.77519909]]), array([[-3.33198567],
       [ 0.05566671],
       [ 0.83765487]]), array([[-3.30148081],
       [ 0.12975794],
       [ 0.8601886 ]]), array([[-3.25076544],
       [ 0.11408051],
       [ 0.90885437]]), array([[-3.1984816 ],
       [ 0.00801263],
       [ 1.04098046]]), array([[-3.17376013],
       [-0.07070222],
       [ 1.07887751]]), array([[-3.20066371],
       [-0.01009168],
       [ 1.08407808]]), array([[-3.19876065],
       [-0.08892876],
       [ 1.08423299]]), array([[-3.11856853],
       [-0.28877726],
       [ 1.14436959]]), array([[-3.0198069 ],
       [-0.51268559],
       [ 1.27330361]]), array([[-2.97243957],
       [-0.63679334],
       [ 1.21684885]]), array([[-2.92260641],
       [-0.79747807],
       [ 1.19574123]]), array([[-2.83894284],
       [-0.89247947],
       [ 1.18177411]]), array([[-2.85699074],
       [-0.83607709],
       [ 1.17735485]]), array([[-2.76063548],
       [-0.92378557],
       [ 1.3330854 ]]), array([[-2.78544369],
       [-0.94757695],
       [ 1.32367336]]), array([[-2.88161963],
       [-0.91782474],
       [ 1.17177967]]), array([[-2.86600337],
       [-1.01030631],
       [ 1.07652725]]), array([[-2.90918708],
       [-1.00777341],
       [ 1.00886012]]), array([[-2.99984388],
       [-0.87450975],
       [ 0.96091483]]), array([[-3.13036286],
       [-0.63117538],
       [ 0.87866863]]), array([[ 3.2214955 ],
       [ 0.42370291],
       [ 1.42753068]]), array([[ 3.25372534],
       [ 0.41757404],
       [ 1.32939775]]), array([[ 3.32980502],
       [ 0.40743925],
       [ 1.25401672]]), array([[ 3.29871662],
       [ 0.41900193],
       [ 1.22135658]]), array([[ 3.24016744],
       [ 0.48986765],
       [ 1.29393626]]), array([[ 3.14024962],
       [ 0.63451601],
       [ 1.38635633]]), array([[-2.50428148],
       [-0.63456613],
       [-1.16263543]]), array([[-2.49307862],
       [-0.68117318],
       [-1.17748845]]), array([[-2.47859791],
       [-0.65681402],
       [-1.15846185]]), array([[-2.99754206],
       [-0.87229485],
       [ 0.77474952]]), array([[-2.49828684],
       [-0.70488152],
       [-1.14474283]]), array([[-2.49514049],
       [-0.80306797],
       [-1.21850791]]), array([[-2.47040879],
       [-1.00726567],
       [-1.31812695]]), array([[-2.43360283],
       [-1.22723852],
       [-1.33913153]]), array([[-2.35708329],
       [-1.49166012],
       [-1.39130348]]), array([[-2.42511292],
       [-1.76984095],
       [ 0.90384874]]), array([[-2.13112371],
       [-1.78930086],
       [-1.27271313]]), array([[-2.09349727],
       [-1.81632483],
       [-1.30801483]]), array([[-2.51260312],
       [-1.92207072],
       [ 0.89240035]]), array([[-2.1997875 ],
       [-1.55303066],
       [-1.2431534 ]]), array([[-2.69202806],
       [-1.60096496],
       [ 0.86289688]]), array([[-2.87512524],
       [-1.35569926],
       [ 0.78665546]]), array([[-3.14614377],
       [-0.92203728],
       [ 0.76821273]]), array([[-3.29308658],
       [-0.60905217],
       [ 0.71086049]]), array([[-3.27982508],
       [-0.45875724],
       [ 0.67120904]]), array([[-2.55711719],
       [-0.37519458],
       [-0.71361191]]), array([[-3.11153955],
       [-0.45421261],
       [ 0.44022271]]), array([[-3.17735519],
       [-0.48101292],
       [ 0.55110956]]), array([[-3.03711831],
       [-0.5243458 ],
       [ 0.80269574]]), array([[-3.01018637],
       [-0.51167257],
       [ 0.98092279]]), array([[-3.05626841],
       [-0.40348087],
       [ 1.12297616]]), array([[-3.06734372],
       [-0.34959323],
       [ 1.216779  ]]), array([[ 2.6691489 ],
       [ 0.35335116],
       [-1.05842681]]), array([[ 2.64998893],
       [ 0.33314326],
       [-1.06101474]]), array([[ 2.68580266],
       [ 0.29733087],
       [-1.01300243]]), array([[ 2.69081036],
       [ 0.35366151],
       [-1.09127799]]), array([[ 2.64498879],
       [ 0.3007192 ],
       [-1.01660538]]), array([[ 2.64634656],
       [ 0.41353576],
       [-1.03249116]]), array([[ 2.66539487],
       [ 0.62741964],
       [-1.03297771]]), array([[ 2.64665027],
       [ 0.72973124],
       [-1.02121557]]), array([[ 2.71802902],
       [ 0.91041189],
       [-0.99095275]]), array([[ 2.71025726],
       [ 1.10844863],
       [-0.93209917]]), array([[ 2.74723946],
       [ 1.15314645],
       [-0.85754088]]), array([[ 2.78925523],
       [ 1.07556098],
       [-0.82419751]]), array([[-2.46305087],
       [-0.80294863],
       [-1.20639712]]), array([[-2.44177345],
       [-0.49994728],
       [-1.12664527]]), array([[ 3.21240682],
       [ 0.4649447 ],
       [ 1.51497713]]), array([[ 3.19201553],
       [ 0.43898637],
       [ 1.48566131]]), array([[ 3.15253267],
       [ 0.52729986],
       [ 1.43310074]]), array([[ 3.12737409],
       [ 0.6298978 ],
       [ 1.3911393 ]]), array([[ 3.13850552],
       [ 0.66384652],
       [ 1.36256606]]), array([[ 3.12382446],
       [ 0.67577218],
       [ 1.39669493]]), array([[ 3.14552662],
       [ 0.68063497],
       [ 1.38774089]]), array([[ 3.14939186],
       [ 0.65709156],
       [ 1.4226509 ]]), array([[ 3.12805125],
       [ 0.61675297],
       [ 1.45664064]]), array([[-2.49882534],
       [-0.52339534],
       [-1.15550627]]), array([[-3.06911548],
       [-0.78310382],
       [ 0.92360747]]), array([[-3.05252668],
       [-0.80390851],
       [ 0.94970376]]), array([[-3.03588554],
       [-0.85303736],
       [ 0.91329758]]), array([[-3.05442364],
       [-0.86601093],
       [ 0.88672728]]), array([[-2.47432586],
       [-0.79571835],
       [-1.22145513]]), array([[-2.46146202],
       [-0.98782577],
       [-1.27830922]]), array([[-2.41163727],
       [-1.12821169],
       [-1.30796293]]), array([[-2.35804492],
       [-1.13537802],
       [-1.30993342]]), array([[-2.30547534],
       [-1.12747479],
       [-1.29068191]]), array([[-2.28993307],
       [-1.06114109],
       [-1.21078402]]), array([[-2.25684238],
       [-1.04442177],
       [-1.14002318]]), array([[-2.26217383],
       [-1.11287007],
       [-1.16481765]]), array([[-2.22925644],
       [-1.19144219],
       [-1.17515957]]), array([[-2.35961403],
       [-1.03144884],
       [-0.92207454]]), array([[-2.48673413],
       [-0.81903747],
       [-0.98707352]]), array([[-3.11771025],
       [-0.76559023],
       [ 0.68654433]]), array([[-3.10284107],
       [-0.59187449],
       [ 0.88246693]]), array([[-3.09720184],
       [-0.47380287],
       [ 1.05928323]]), array([[-3.11535217],
       [-0.41750739],
       [ 1.19474944]]), array([[-3.16001586],
       [-0.32047171],
       [ 1.13585863]]), array([[ 2.76614654],
       [ 0.26146582],
       [-0.94914864]]), array([[ 2.76048047],
       [ 0.32579398],
       [-0.92951525]]), array([[ 2.74296357],
       [ 0.3439258 ],
       [-0.87474916]]), array([[ 2.73987628],
       [ 0.35791852],
       [-0.93709835]]), array([[ 2.7434634 ],
       [ 0.31225422],
       [-0.92314915]]), array([[ 2.75306032],
       [ 0.32013719],
       [-0.85358365]]), array([[ 2.79416839],
       [ 0.42217329],
       [-0.82888147]]), array([[ 2.78344107],
       [ 0.51236501],
       [-0.79826747]]), array([[ 2.81189359],
       [ 0.68654089],
       [-0.82428274]]), array([[ 2.81433759],
       [ 0.85502557],
       [-0.80297353]]), array([[-2.96550866],
       [-0.94072391],
       [ 0.8555946 ]]), array([[-2.50007063],
       [-0.90533339],
       [-1.20209161]]), array([[-2.42565218],
       [-1.06734236],
       [-1.27285112]]), array([[-2.37703744],
       [-1.11254691],
       [-1.29372343]]), array([[-2.36328717],
       [-1.08264226],
       [-1.29029266]]), array([[-2.35119229],
       [-1.07062687],
       [-1.27173465]]), array([[-2.82585271],
       [-1.38064071],
       [ 0.77827334]]), array([[-2.33653469],
       [-1.14604863],
       [-1.18764778]]), array([[-2.34127317],
       [-1.04841497],
       [-1.11988649]]), array([[-2.32993592],
       [-0.92268675],
       [-1.14513637]]), array([[-2.45680408],
       [-0.80712912],
       [-0.99218427]]), array([[-2.45141012],
       [-0.67584048],
       [-0.87150124]]), array([[-2.99048788],
       [-0.76985803],
       [ 0.56585531]]), array([[-2.97402592],
       [-0.66889607],
       [ 0.64935999]]), array([[-3.06527397],
       [-0.45913033],
       [ 0.72794138]]), array([[-3.14959082],
       [-0.30400929],
       [ 0.75013117]]), array([[-3.08503932],
       [-0.34318291],
       [ 0.85612461]]), array([[-3.04786012],
       [-0.36950195],
       [ 0.8719169 ]]), array([[-3.08639264],
       [-0.51559024],
       [ 0.78316959]]), array([[-2.9806323 ],
       [-0.60517151],
       [ 0.70468228]]), array([[-2.99517809],
       [-0.59060283],
       [ 0.61747287]]), array([[-2.99506879],
       [-0.64738113],
       [ 0.5913491 ]]), array([[-2.67719866],
       [-0.63772855],
       [ 0.17592762]]), array([[-2.58602359],
       [-1.02221184],
       [ 0.82672847]]), array([[-2.65390417],
       [-1.06837991],
       [ 0.90969314]]), array([[-2.80151587],
       [-1.00271022],
       [ 1.0075225 ]]), array([[-2.97964097],
       [-0.81222846],
       [ 0.93556964]]), array([[-3.03479962],
       [-0.72694753],
       [ 0.94642255]]), array([[-3.06684802],
       [-0.66774602],
       [ 0.92063535]]), array([[ 3.11882278],
       [ 0.62705491],
       [ 1.3123063 ]]), array([[ 3.16067143],
       [ 0.6460705 ],
       [ 1.18878004]]), array([[ 3.06902697],
       [ 0.6315554 ],
       [ 1.20427647]]), array([[ 3.05707264],
       [ 0.61435826],
       [ 1.19105771]]), array([[ 3.21644686],
       [ 0.60909708],
       [ 1.10666188]]), array([[ 3.211113  ],
       [ 0.58471421],
       [ 1.19650573]]), array([[ 3.21862479],
       [ 0.58487675],
       [ 1.07426739]]), array([[ 3.19512292],
       [ 0.56577315],
       [ 1.139038  ]]), array([[ 2.79543758],
       [ 0.51110067],
       [-0.42681629]]), array([[ 2.79743614],
       [ 0.47474014],
       [-0.39530167]]), array([[ 2.81531943],
       [ 0.46578917],
       [-0.39888634]]), array([[ 2.89161061],
       [ 0.49663523],
       [-0.35538036]]), array([[ 3.27100216],
       [ 0.63256754],
       [ 1.23277512]]), array([[ 2.86478635],
       [ 0.65256394],
       [-0.6715618 ]]), array([[-3.01624669],
       [-0.8437919 ],
       [ 0.78658197]]), array([[-2.92725454],
       [-1.01861724],
       [ 0.84268699]]), array([[-2.77241935],
       [-1.27716843],
       [ 0.85735056]]), array([[-2.34926741],
       [-1.28665328],
       [-1.26756693]]), array([[-2.29342248],
       [-1.38313064],
       [-1.27553653]]), array([[-2.72447715],
       [-1.61873431],
       [ 0.79396855]]), array([[-2.23325146],
       [-1.24537708],
       [-1.25805065]]), array([[-2.23228654],
       [-1.09775358],
       [-1.2314594 ]]), array([[-2.22563791],
       [-1.05778192],
       [-1.1622299 ]]), array([[-2.25398218],
       [-1.11727636],
       [-1.18587891]]), array([[-2.29132666],
       [-1.17663171],
       [-1.07805748]]), array([[-2.80029225],
       [-1.3060597 ],
       [ 0.7593079 ]]), array([[-2.93104897],
       [-1.11333424],
       [ 0.65806286]]), array([[-3.03244402],
       [-0.95501162],
       [ 0.6305331 ]]), array([[-3.09103549],
       [-0.75663941],
       [ 0.78615541]]), array([[-3.09078193],
       [-0.61305537],
       [ 1.01328992]]), array([[-3.13144353],
       [-0.42296414],
       [ 1.04340355]]), array([[-3.16008084],
       [-0.3457141 ],
       [ 1.10156344]]), array([[-3.20627084],
       [-0.31874371],
       [ 1.08729167]]), array([[-3.19531236],
       [-0.33501188],
       [ 1.08121289]]), array([[ 2.67351467],
       [ 0.33540278],
       [-1.03483291]]), array([[ 2.5832453 ],
       [ 0.36292445],
       [-1.11973015]]), array([[ 2.54257799],
       [ 0.25915453],
       [-1.13322151]]), array([[ 2.58034065],
       [ 0.35743237],
       [-1.17860112]]), array([[ 2.63220089],
       [ 0.39753978],
       [-1.07812506]]), array([[ 2.62606161],
       [ 0.43406046],
       [-1.00717127]]), array([[ 2.70558798],
       [ 0.40212945],
       [-0.82214057]]), array([[ 2.7405846 ],
       [ 0.34575673],
       [-0.7484683 ]]), array([[ 2.71957789],
       [ 0.18296153],
       [-0.70507848]]), array([[ 2.68721964],
       [ 0.06141826],
       [-0.52969209]]), array([[ 2.70098488],
       [ 0.11833251],
       [-0.4366612 ]]), array([[ 2.74563659],
       [ 0.16621999],
       [-0.37200982]]), array([[ 2.72611206],
       [ 0.26323139],
       [-0.5142627 ]]), array([[ 3.2374521 ],
       [ 0.4231951 ],
       [ 1.31822446]]), array([[ 3.09781616],
       [ 0.57424437],
       [ 1.43347934]]), array([[-2.52355913],
       [-0.54863977],
       [-1.22235799]]), array([[-3.0549169 ],
       [-0.80961872],
       [ 0.97656469]]), array([[-3.02173658],
       [-0.89031028],
       [ 1.00980012]]), array([[-2.52232843],
       [-0.80548013],
       [-1.21215789]]), array([[-2.5057876 ],
       [-0.89890197],
       [-1.18561484]]), array([[-2.47204689],
       [-0.91679038],
       [-1.15999241]]), array([[-2.46953339],
       [-0.89050406],
       [-1.15451496]]), array([[-3.07975363],
       [-1.04754372],
       [ 0.79201563]]), array([[-2.43930995],
       [-0.81441796],
       [-0.99827436]]), array([[-2.40976043],
       [-0.73124904],
       [-0.95063461]]), array([[-2.36657223],
       [-0.71908857],
       [-0.8670683 ]]), array([[-2.38126372],
       [-0.64265035],
       [-0.88821944]]), array([[-2.42478697],
       [-0.63212278],
       [-0.80780553]]), array([[-3.0534913 ],
       [-0.70270428],
       [ 0.71560182]]), array([[-3.17561554],
       [-0.44334061],
       [ 0.8327619 ]]), array([[-3.20958551],
       [-0.24115636],
       [ 0.9354779 ]]), array([[-3.17849737],
       [-0.22418584],
       [ 0.98879982]]), array([[-3.20117584],
       [-0.1931493 ],
       [ 1.04325537]]), array([[ 2.73021661],
       [ 0.11511342],
       [-0.92862987]]), array([[ 2.7331064 ],
       [ 0.1887287 ],
       [-0.85915425]]), array([[ 2.73253836],
       [ 0.23455572],
       [-0.86044631]]), array([[ 2.73643305],
       [ 0.32098163],
       [-0.84208363]]), array([[ 2.73228396],
       [ 0.35132259],
       [-0.8194874 ]]), array([[ 2.71638389],
       [ 0.28979502],
       [-0.80391698]]), array([[ 2.73690906],
       [ 0.29594274],
       [-0.76349375]]), array([[-2.40997158],
       [-0.58405624],
       [-1.36688607]]), array([[-2.41699375],
       [-0.56415264],
       [-1.32329778]]), array([[-2.46568273],
       [-0.76041303],
       [-1.27035377]]), array([[-2.42067735],
       [-1.16091415],
       [-1.33880715]]), array([[-2.68468988],
       [-1.5376928 ],
       [ 0.89049077]]), array([[-2.24219901],
       [-1.42382719],
       [-1.23928002]]), array([[-2.20685107],
       [-1.38697579],
       [-1.2253603 ]]), array([[-2.13916692],
       [-1.27330797],
       [-1.21514319]]), array([[-2.14368187],
       [-1.20215701],
       [-1.19810846]]), array([[-2.27198521],
       [-1.10267787],
       [-1.15896112]]), array([[-2.32922401],
       [-0.94026982],
       [-1.2019575 ]]), array([[-2.43623237],
       [-0.66374823],
       [-1.03512714]]), array([[-3.16025299],
       [-0.55721584],
       [ 0.61466258]]), array([[-3.19900416],
       [-0.36150855],
       [ 0.68593533]]), array([[-3.1099164 ],
       [-0.36077654],
       [ 0.9002414 ]]), array([[-3.04073905],
       [-0.3932755 ],
       [ 1.03091551]]), array([[-3.03074487],
       [-0.39671926],
       [ 1.06759052]]), array([[-3.05895989],
       [-0.3772541 ],
       [ 1.13214268]]), array([[-3.10327181],
       [-0.38522892],
       [ 1.14336484]]), array([[-3.08578286],
       [-0.43495031],
       [ 1.12159149]]), array([[ 2.77501097],
       [ 0.27506578],
       [-0.92350177]]), array([[ 2.74576172],
       [ 0.17452345],
       [-0.91542704]]), array([[ 2.74834092],
       [ 0.2103588 ],
       [-0.92290585]]), array([[ 2.73434376],
       [ 0.25410663],
       [-0.91587783]]), array([[ 2.75702083],
       [ 0.19153747],
       [-0.82410155]]), array([[ 2.76083199],
       [ 0.13300524],
       [-0.74974944]]), array([[ 2.75597247],
       [ 0.12052322],
       [-0.74256767]]), array([[ 2.74296468],
       [ 0.12796708],
       [-0.77518814]]), array([[ 2.766059  ],
       [ 0.16048071],
       [-0.7906174 ]]), array([[ 2.74003822],
       [ 0.14343386],
       [-0.81223093]]), array([[ 2.73488769],
       [ 0.12102044],
       [-0.81138775]]), array([[ 2.75420304],
       [ 0.11918604],
       [-0.81221788]]), array([[ 2.73035878],
       [ 0.13697178],
       [-0.82360741]]), array([[ 2.71430652],
       [ 0.33679865],
       [-0.8815023 ]]), array([[-3.18765864],
       [-0.53298122],
       [ 1.04515564]]), array([[-3.14319581],
       [-0.62288612],
       [ 0.9332433 ]]), array([[-3.1614828 ],
       [-0.58033169],
       [ 0.88633316]]), array([[-3.17081991],
       [-0.54537508],
       [ 0.8785379 ]]), array([[-3.14905385],
       [-0.580486  ],
       [ 0.86599327]]), array([[-3.16727648],
       [-0.5229678 ],
       [ 0.84577078]]), array([[-3.17241421],
       [-0.50371633],
       [ 0.83568675]]), array([[-3.16531584],
       [-0.51800881],
       [ 0.84349514]]), array([[-3.15160324],
       [-0.54541436],
       [ 0.85429367]])]
tvecs : 

[array([[-0.72059622],
       [-0.01899752],
       [ 3.08920639]]), array([[-0.71837105],
       [-0.01331912],
       [ 3.08957764]]), array([[-0.72393462],
       [-0.00608481],
       [ 3.08626944]]), array([[-0.73064785],
       [ 0.00058052],
       [ 3.08339436]]), array([[-0.72992084],
       [-0.00225925],
       [ 3.09300418]]), array([[-0.73980505],
       [-0.00248104],
       [ 3.09573461]]), array([[-0.74293891],
       [-0.00173314],
       [ 3.09419173]]), array([[-0.74303881],
       [-0.00098222],
       [ 3.09538086]]), array([[-0.74414553],
       [ 0.00098951],
       [ 3.09523258]]), array([[-0.74454974],
       [ 0.00157705],
       [ 3.09743618]]), array([[-0.74617136],
       [ 0.00018153],
       [ 3.1003926 ]]), array([[-0.74523457],
       [ 0.00023497],
       [ 3.10324686]]), array([[-0.74420352],
       [-0.00034843],
       [ 3.10495516]]), array([[-0.74275169],
       [-0.00012512],
       [ 3.10499965]]), array([[-0.74089379],
       [-0.0002402 ],
       [ 3.10355676]]), array([[-0.74046151],
       [ 0.00049723],
       [ 3.09991646]]), array([[-0.73949295],
       [ 0.00074706],
       [ 3.09622141]]), array([[-0.73941702],
       [-0.00023233],
       [ 3.09245667]]), array([[-0.73855352],
       [ 0.00014116],
       [ 3.08725177]]), array([[-0.73754414],
       [-0.00065948],
       [ 3.08201125]]), array([[-0.73797777],
       [-0.00185846],
       [ 3.07784565]]), array([[-0.73677365],
       [-0.00267392],
       [ 3.07381412]]), array([[-0.7343981 ],
       [-0.00264694],
       [ 3.07093713]]), array([[-0.7326171 ],
       [-0.00173916],
       [ 3.06972359]]), array([[-0.73356739],
       [-0.00276316],
       [ 3.06952802]]), array([[-0.73338987],
       [-0.00295523],
       [ 3.06803816]]), array([[-0.7335531 ],
       [-0.00094757],
       [ 3.06558621]]), array([[-0.73441191],
       [ 0.0023887 ],
       [ 3.06378571]]), array([[-0.73648751],
       [ 0.0034815 ],
       [ 3.06265815]]), array([[-0.73627422],
       [ 0.00085748],
       [ 3.06061769]]), array([[-0.73569165],
       [-0.00082107],
       [ 3.05567277]]), array([[-0.75382522],
       [ 0.02155255],
       [ 3.01574755]]), array([[-0.79365965],
       [ 0.08487024],
       [ 2.78595791]]), array([[-0.83290207],
       [ 0.16097628],
       [ 2.45225034]]), array([[-0.84366758],
       [ 0.15575473],
       [ 2.27061314]]), array([[-0.85626112],
       [ 0.17757494],
       [ 2.10538156]]), array([[-0.86457026],
       [ 0.19534664],
       [ 2.04958648]]), array([[-0.87613834],
       [ 0.2214091 ],
       [ 1.93889355]]), array([[-0.88435689],
       [ 0.26229664],
       [ 1.83626437]]), array([[-0.87861397],
       [ 0.21333889],
       [ 1.88792126]]), array([[-0.86488294],
       [ 0.13716471],
       [ 2.09015109]]), array([[-0.86503127],
       [ 0.0178193 ],
       [ 2.41797049]]), array([[-0.86241264],
       [-0.1246708 ],
       [ 2.74602458]]), array([[-0.78130221],
       [-0.14910249],
       [ 2.88386137]]), array([[-0.6983193],
       [-0.1473397],
       [ 2.6303343]]), array([[-0.7375254 ],
       [-0.23901797],
       [ 2.74319275]]), array([[-0.69713474],
       [-0.3009812 ],
       [ 2.80764659]]), array([[-0.59431961],
       [-0.30666535],
       [ 2.61876679]]), array([[-0.36305275],
       [-0.29183782],
       [ 2.03058932]]), array([[-0.31863522],
       [-0.21531969],
       [ 1.77815218]]), array([[-0.37035008],
       [-0.19339505],
       [ 1.77788116]]), array([[-0.46891848],
       [-0.15253028],
       [ 1.73752976]]), array([[-0.55804094],
       [-0.10064601],
       [ 1.79035316]]), array([[-0.6274095 ],
       [-0.06822736],
       [ 2.04353043]]), array([[-0.74483761],
       [-0.09596747],
       [ 2.75498064]]), array([[-0.85503951],
       [-0.07928775],
       [ 3.0298059 ]]), array([[-0.93188042],
       [-0.05872192],
       [ 3.30762643]]), array([[-0.95237948],
       [-0.04947513],
       [ 3.3939864 ]]), array([[-1.00065146],
       [ 0.04632047],
       [ 3.19809018]]), array([[-1.03881079],
       [ 0.1299853 ],
       [ 2.78930348]]), array([[-1.06673504],
       [ 0.23586667],
       [ 2.35753419]]), array([[-1.08597302],
       [ 0.24039391],
       [ 2.33520051]]), array([[-1.08712796],
       [ 0.19966878],
       [ 2.36656946]]), array([[-1.00191871],
       [ 0.1844805 ],
       [ 2.3725292 ]]), array([[-0.90666364],
       [ 0.17333252],
       [ 2.41656667]]), array([[-0.90350567],
       [ 0.15098786],
       [ 2.41913806]]), array([[-0.90729763],
       [ 0.05800782],
       [ 2.44445523]]), array([[-0.86893533],
       [-0.11670733],
       [ 2.67091328]]), array([[-0.88073946],
       [-0.19131442],
       [ 2.65143452]]), array([[-0.88232037],
       [-0.27060336],
       [ 2.74185783]]), array([[-0.7910007 ],
       [-0.30751154],
       [ 2.64487415]]), array([[-0.65768112],
       [-0.35968457],
       [ 2.5808279 ]]), array([[-0.50462069],
       [-0.31270847],
       [ 2.39476425]]), array([[-0.45523773],
       [-0.27491772],
       [ 2.18552094]]), array([[-0.5016593 ],
       [-0.24243835],
       [ 2.04096202]]), array([[-0.50757532],
       [-0.25887055],
       [ 1.88708932]]), array([[-0.52844058],
       [-0.27231515],
       [ 1.79670629]]), array([[-0.57193487],
       [-0.20110856],
       [ 1.73276568]]), array([[-0.61701859],
       [-0.06700768],
       [ 1.65417737]]), array([[-0.64323392],
       [ 0.04068061],
       [ 1.546237  ]]), array([[-0.77101074],
       [ 0.02835446],
       [ 2.07686117]]), array([[-0.74784425],
       [ 0.05761403],
       [ 1.96490123]]), array([[-0.77793373],
       [ 0.08064125],
       [ 2.1134699 ]]), array([[-0.77808672],
       [ 0.15323527],
       [ 1.99320433]]), array([[-0.79185008],
       [ 0.1752615 ],
       [ 1.91310532]]), array([[-0.82209829],
       [ 0.2284263 ],
       [ 1.78689227]]), array([[-0.89584705],
       [ 0.23555482],
       [ 1.96682854]]), array([[-0.96110682],
       [ 0.23914661],
       [ 2.26099999]]), array([[-0.99149504],
       [ 0.19038282],
       [ 2.5863641 ]]), array([[-0.98142055],
       [ 0.1677406 ],
       [ 2.99648069]]), array([[-1.0282307 ],
       [ 0.0390429 ],
       [ 3.63129888]]), array([[-1.06491189],
       [-0.13273266],
       [ 4.23797616]]), array([[-1.14903254],
       [-0.22599958],
       [ 4.60951567]]), array([[-1.21318866],
       [-0.37401971],
       [ 4.99143465]]), array([[-1.35137464],
       [-0.35014845],
       [ 5.19175876]]), array([[-1.29191319],
       [-0.2788203 ],
       [ 4.95378851]]), array([[-1.33417452],
       [-0.29969779],
       [ 5.37197485]]), array([[-1.39842621],
       [-0.39931442],
       [ 5.27860805]]), array([[-1.32666523],
       [-0.47256877],
       [ 5.20376659]]), array([[-1.19232982],
       [-0.39587745],
       [ 4.85852394]]), array([[-1.06320978],
       [-0.43635519],
       [ 4.62597927]]), array([[-1.00341079],
       [-0.43759529],
       [ 4.29986564]]), array([[-0.98516514],
       [-0.38217666],
       [ 3.92953075]]), array([[-0.92682549],
       [-0.37585738],
       [ 3.57220024]]), array([[-0.81968096],
       [-0.33935442],
       [ 2.99409331]]), array([[-0.78264595],
       [-0.3579393 ],
       [ 2.71771444]]), array([[-0.78476264],
       [-0.34475504],
       [ 2.46637932]]), array([[-0.69718947],
       [-0.25978662],
       [ 1.91876574]]), array([[-0.64736607],
       [-0.16240663],
       [ 1.52432954]]), array([[-0.6223458 ],
       [-0.06756765],
       [ 1.26726923]]), array([[-0.65134026],
       [ 0.04414683],
       [ 1.3660921 ]]), array([[-0.74504297],
       [ 0.12118272],
       [ 1.73089931]]), array([[-0.80302733],
       [ 0.12929584],
       [ 2.28419283]]), array([[-0.90870946],
       [ 0.11867585],
       [ 2.67903607]]), array([[-1.02647221],
       [ 0.09677641],
       [ 3.3307739 ]]), array([[-1.03628464],
       [ 0.01185001],
       [ 3.64458959]]), array([[-1.03017431],
       [-0.00190907],
       [ 3.7818569 ]]), array([[-1.03799754],
       [ 0.05814567],
       [ 3.69341472]]), array([[-0.99435772],
       [ 0.13393165],
       [ 3.42391034]]), array([[-0.98390214],
       [ 0.17275961],
       [ 3.17026647]]), array([[-0.97137728],
       [ 0.25385046],
       [ 2.83241585]]), array([[-0.96399884],
       [ 0.21806892],
       [ 2.81657012]]), array([[-0.9446937 ],
       [ 0.19983647],
       [ 2.73619016]]), array([[-0.93090895],
       [ 0.17798318],
       [ 2.83382409]]), array([[-0.87979229],
       [ 0.10096247],
       [ 2.8903519 ]]), array([[-0.88214965],
       [ 0.15075548],
       [ 2.81394488]]), array([[-0.89866295],
       [ 0.04289163],
       [ 3.01208634]]), array([[-0.9169965 ],
       [-0.14281561],
       [ 3.23114939]]), array([[-0.89699214],
       [-0.2090107 ],
       [ 3.27176255]]), array([[-0.88987807],
       [-0.21464582],
       [ 3.27419775]]), array([[-0.92698941],
       [-0.07657239],
       [ 3.22466479]]), array([[-0.95007496],
       [ 0.00943031],
       [ 3.07760004]]), array([[-0.94899485],
       [ 0.03319448],
       [ 3.03738957]]), array([[-0.93990901],
       [-0.0817534 ],
       [ 3.28633361]]), array([[-0.94260975],
       [-0.22385085],
       [ 3.45263301]]), array([[-0.89978984],
       [-0.28189602],
       [ 3.43431705]]), array([[-0.84198267],
       [-0.2250193 ],
       [ 3.26321038]]), array([[-0.77781812],
       [-0.20035714],
       [ 3.16960331]]), array([[-0.69324838],
       [-0.17467259],
       [ 2.74436485]]), array([[-0.73161511],
       [-0.15398819],
       [ 2.78613216]]), array([[-0.78356888],
       [-0.11677236],
       [ 2.67872823]]), array([[-0.78059958],
       [-0.09983207],
       [ 2.4014976 ]]), array([[-0.72211709],
       [-0.02068143],
       [ 1.90598545]]), array([[-0.6323411 ],
       [ 0.05805917],
       [ 1.57342017]]), array([[-0.72846954],
       [ 0.00779742],
       [ 2.11648267]]), array([[-0.83043759],
       [ 0.03675454],
       [ 2.28506119]]), array([[-0.87034888],
       [ 0.15958363],
       [ 2.33514085]]), array([[-0.9128    ],
       [ 0.25387242],
       [ 2.33379576]]), array([[-0.92688445],
       [ 0.24742535],
       [ 2.66738644]]), array([[-0.91183259],
       [ 0.10431835],
       [ 2.70368918]]), array([[-0.91020718],
       [-0.00122573],
       [ 2.92129897]]), array([[-0.89198064],
       [-0.0290598 ],
       [ 2.86397754]]), array([[-0.90991865],
       [ 0.05149849],
       [ 2.81649057]]), array([[-0.87526715],
       [ 0.08437445],
       [ 2.6880601 ]]), array([[-0.80948991],
       [ 0.07115015],
       [ 2.49282115]]), array([[-0.75323578],
       [-0.02289275],
       [ 2.45024114]]), array([[-0.80207801],
       [-0.05819962],
       [ 2.63849932]]), array([[-0.82115345],
       [-0.05442238],
       [ 2.83908592]]), array([[-0.78826569],
       [-0.16038729],
       [ 3.21417914]]), array([[-0.78729552],
       [-0.27713373],
       [ 3.53643069]]), array([[-0.81408069],
       [-0.3069116 ],
       [ 3.61171171]]), array([[-0.83404576],
       [-0.30728041],
       [ 3.57781305]]), array([[-0.84972536],
       [-0.27039497],
       [ 3.70261556]]), array([[-0.96556392],
       [-0.16409549],
       [ 3.88522525]]), array([[-0.92943649],
       [-0.12356725],
       [ 3.6169268 ]]), array([[-0.91651078],
       [-0.0778292 ],
       [ 3.24731308]]), array([[-0.82209596],
       [-0.03768301],
       [ 2.67368496]]), array([[-0.72141689],
       [ 0.00880074],
       [ 2.13766151]]), array([[-0.66369134],
       [ 0.04798559],
       [ 1.79768842]]), array([[-0.63949206],
       [ 0.05520826],
       [ 1.70177514]]), array([[-0.67709818],
       [ 0.0305222 ],
       [ 1.91158751]]), array([[-0.84701063],
       [-0.04457421],
       [ 2.67730471]]), array([[-0.85206087],
       [-0.07439245],
       [ 2.77129253]]), array([[-0.91090206],
       [-0.13681611],
       [ 3.12845638]]), array([[-0.96707232],
       [-0.20920552],
       [ 3.56668333]]), array([[-0.98983379],
       [-0.41416129],
       [ 4.04158019]]), array([[-0.9807021 ],
       [-0.44460914],
       [ 4.1800757 ]]), array([[-1.09619541],
       [-0.50199905],
       [ 4.68762736]]), array([[-1.01008232],
       [-0.36714092],
       [ 4.04376516]]), array([[-0.96331235],
       [-0.27444571],
       [ 3.67230312]]), array([[-0.91824062],
       [-0.29583171],
       [ 3.35805917]]), array([[-0.99817456],
       [-0.37180185],
       [ 3.66847805]]), array([[-0.99565033],
       [-0.47417665],
       [ 3.85940443]]), array([[-1.00131244],
       [-0.42856438],
       [ 3.78559291]]), array([[-1.0622214 ],
       [-0.44097047],
       [ 3.84080554]]), array([[-1.06805301],
       [-0.4198444 ],
       [ 3.75726458]]), array([[-1.06849397],
       [-0.37776947],
       [ 3.52646736]]), array([[-1.05615026],
       [-0.19798214],
       [ 3.23748424]]), array([[-1.0771895 ],
       [-0.16065296],
       [ 3.24247803]]), array([[-1.06103496],
       [ 0.02098702],
       [ 3.22248938]]), array([[-1.02972475],
       [ 0.19755744],
       [ 2.94440123]]), array([[-0.96619401],
       [ 0.30722322],
       [ 2.60212266]]), array([[-0.95136731],
       [ 0.34107201],
       [ 2.43689015]]), array([[-1.02086386],
       [ 0.22565162],
       [ 2.79440804]]), array([[-1.00852905],
       [ 0.1572239 ],
       [ 2.6376428 ]]), array([[-0.95178714],
       [ 0.16776821],
       [ 2.41128467]]), array([[-0.91646708],
       [ 0.13891572],
       [ 2.15327271]]), array([[-0.87822242],
       [ 0.02609377],
       [ 2.00193744]]), array([[-0.82091335],
       [ 0.00697833],
       [ 1.76316234]]), array([[-0.78442536],
       [ 0.00548148],
       [ 1.6348899 ]]), array([[-0.74454346],
       [ 0.07298212],
       [ 1.60016399]]), array([[-0.75817805],
       [ 0.06768255],
       [ 1.88042766]]), array([[-0.79195224],
       [ 0.05683826],
       [ 2.51552042]]), array([[-0.87933058],
       [-0.06975288],
       [ 3.17781676]]), array([[-0.88561974],
       [-0.16891063],
       [ 4.01865081]]), array([[-1.00519493],
       [-0.16950133],
       [ 4.31794751]]), array([[-1.09964363],
       [-0.04892332],
       [ 4.42825345]]), array([[-1.16633879],
       [ 0.02180263],
       [ 4.20372735]]), array([[-1.19932097],
       [-0.09774744],
       [ 3.90500904]]), array([[-1.07343938],
       [-0.25495846],
       [ 3.71387167]]), array([[-0.94841959],
       [-0.32223535],
       [ 3.29249944]]), array([[-0.87915586],
       [-0.39026637],
       [ 2.90091823]]), array([[-0.76437626],
       [-0.38775703],
       [ 2.63508068]]), array([[-0.70142073],
       [-0.33438856],
       [ 2.31881295]]), array([[-0.79614766],
       [-0.17681956],
       [ 2.40013645]]), array([[-0.9054584 ],
       [ 0.03837499],
       [ 2.4013763 ]]), array([[-0.87026801],
       [ 0.16229989],
       [ 2.49605199]]), array([[-0.86897634],
       [ 0.15349103],
       [ 2.7390821 ]]), array([[-0.87479737],
       [ 0.10040588],
       [ 3.12154973]]), array([[-0.93394037],
       [ 0.02750172],
       [ 3.51573816]]), array([[-1.0538503 ],
       [-0.01109454],
       [ 3.77705049]]), array([[-1.12626655],
       [-0.10992436],
       [ 4.1143706 ]]), array([[-1.22141207],
       [-0.30009409],
       [ 4.45138813]]), array([[-1.32673563],
       [-0.41094689],
       [ 4.53011372]]), array([[-1.29404791],
       [-0.3810794 ],
       [ 4.19110464]]), array([[-1.36957801],
       [-0.56509497],
       [ 4.1152806 ]]), array([[-1.40169609],
       [-0.73483781],
       [ 4.07052095]]), array([[-0.65518293],
       [-0.28399733],
       [ 3.5681846 ]]), array([[-0.44666301],
       [-0.26479818],
       [ 3.35993061]]), array([[-0.41650874],
       [-0.42771377],
       [ 3.25171698]]), array([[-0.48694737],
       [-0.46850554],
       [ 3.00859321]]), array([[-0.55848113],
       [-0.41315628],
       [ 2.65719195]]), array([[-0.64656789],
       [-0.27450372],
       [ 2.39244476]]), array([[-0.8101201 ],
       [-0.20734012],
       [ 2.77295616]]), array([[-0.84013976],
       [-0.1393108 ],
       [ 2.66545395]]), array([[-0.79302558],
       [-0.0624093 ],
       [ 2.55051305]]), array([[-0.76474685],
       [ 0.063845  ],
       [ 2.3671125 ]]), array([[-0.73705669],
       [ 0.08496383],
       [ 2.37966625]]), array([[-0.72065489],
       [ 0.05431604],
       [ 2.48163625]]), array([[-0.691972  ],
       [-0.00324832],
       [ 2.63579524]]), array([[-0.73048059],
       [-0.02963861],
       [ 2.57201173]]), array([[-0.76578542],
       [-0.03067313],
       [ 2.48298254]]), array([[-0.83127185],
       [-0.11251047],
       [ 2.52352444]]), array([[-0.88525965],
       [-0.22787494],
       [ 2.75323371]]), array([[-0.83419728],
       [-0.27781853],
       [ 3.07338751]]), array([[-0.76526701],
       [-0.25235458],
       [ 3.437606  ]]), array([[-0.64391099],
       [-0.28122711],
       [ 3.60370997]]), array([[-0.52481513],
       [-0.37684564],
       [ 3.00448779]]), array([[-0.43037532],
       [-0.43433034],
       [ 2.81691736]]), array([[-0.4109417 ],
       [-0.43869598],
       [ 2.8408072 ]]), array([[-0.4713933 ],
       [-0.43393298],
       [ 2.93203203]]), array([[-0.52256155],
       [-0.42272012],
       [ 2.9445104 ]]), array([[-0.51002971],
       [-0.46622617],
       [ 2.76864297]]), array([[-0.49058757],
       [-0.39964483],
       [ 2.36027141]]), array([[-0.46182184],
       [-0.27462354],
       [ 1.97058505]]), array([[-0.44686692],
       [-0.19114138],
       [ 1.6798154 ]]), array([[-0.52826304],
       [-0.18657561],
       [ 1.6877091 ]]), array([[-0.65422668],
       [-0.12067643],
       [ 1.92945251]]), array([[-0.71575045],
       [ 0.09318713],
       [ 1.87600387]]), array([[-0.69757477],
       [ 0.30488055],
       [ 1.66051921]]), array([[-0.70093827],
       [ 0.35995595],
       [ 1.55508127]]), array([[-0.77983982],
       [ 0.20524637],
       [ 1.64221356]]), array([[-0.86974131],
       [ 0.11255581],
       [ 2.03173967]]), array([[-0.85322037],
       [ 0.18161866],
       [ 1.91422545]]), array([[-0.87192196],
       [ 0.21500831],
       [ 2.03882049]]), array([[-0.8779673],
       [ 0.2931343],
       [ 2.0302282]]), array([[-0.84597497],
       [ 0.22764388],
       [ 2.1463273 ]]), array([[-0.77441571],
       [ 0.11202843],
       [ 2.33334127]]), array([[-0.71250478],
       [ 0.10008257],
       [ 2.40176225]]), array([[-0.79697811],
       [ 0.06083734],
       [ 2.63724688]]), array([[-0.98406094],
       [ 0.05878846],
       [ 3.18436811]]), array([[-1.21265011],
       [ 0.09057219],
       [ 3.68615277]]), array([[-1.37258055],
       [ 0.10060162],
       [ 3.94025572]]), array([[-1.39939777],
       [ 0.13092038],
       [ 4.00935541]]), array([[-1.40504992],
       [-0.29180792],
       [ 4.78304286]]), array([[-1.30736464],
       [-0.23328117],
       [ 4.53938287]]), array([[-1.21833564],
       [-0.20776343],
       [ 4.26033942]]), array([[-1.10788542],
       [-0.19741458],
       [ 4.05210941]]), array([[-0.95517642],
       [-0.04095486],
       [ 3.49137644]]), array([[-0.8397907 ],
       [ 0.11752868],
       [ 2.85936045]]), array([[-0.72233781],
       [-0.0448872 ],
       [ 2.7494948 ]]), array([[-0.59265244],
       [-0.08696519],
       [ 2.20464965]]), array([[-0.52922161],
       [-0.12466187],
       [ 1.98412173]]), array([[-0.53020899],
       [-0.27903624],
       [ 1.96556206]]), array([[-0.50398062],
       [-0.54383698],
       [ 2.08912009]]), array([[-0.59477478],
       [-0.69144527],
       [ 2.65082482]]), array([[-0.76567528],
       [-0.66350442],
       [ 3.39222868]]), array([[-0.8991664 ],
       [-0.72083674],
       [ 4.17005182]]), array([[-1.02782068],
       [-0.69609254],
       [ 4.92717971]]), array([[-1.17973982],
       [-0.11892998],
       [ 4.68409053]]), array([[-1.09791554],
       [-0.04990766],
       [ 4.20657729]]), array([[-1.01517533],
       [-0.04112546],
       [ 3.61367623]]), array([[-0.9145519 ],
       [-0.03954076],
       [ 2.82541359]]), array([[-0.83100047],
       [ 0.08715272],
       [ 2.36509874]]), array([[-0.68831759],
       [ 0.24752219],
       [ 1.32829115]]), array([[-0.60481719],
       [ 0.24817275],
       [ 1.09781517]]), array([[-0.67828486],
       [ 0.13844755],
       [ 1.76833962]]), array([[-0.80034418],
       [ 0.02828482],
       [ 2.16962763]]), array([[-0.85348409],
       [ 0.00793883],
       [ 2.37839105]]), array([[-0.86975684],
       [ 0.03704147],
       [ 2.59340243]]), array([[-0.8703799 ],
       [-0.00071677],
       [ 2.9020683 ]]), array([[-0.93317284],
       [-0.1291105 ],
       [ 3.22678092]]), array([[-1.02895901],
       [-0.17166356],
       [ 3.49770883]]), array([[-1.01222169],
       [-0.19332124],
       [ 3.78079132]]), array([[-1.09395119],
       [-0.14863245],
       [ 3.90536924]]), array([[-1.14403218],
       [-0.14540492],
       [ 3.87776603]]), array([[-1.12515055],
       [-0.24554772],
       [ 3.76434765]]), array([[-1.05968511],
       [-0.40555955],
       [ 3.67332114]]), array([[-0.95842491],
       [-0.49594878],
       [ 3.88892942]]), array([[-0.84427803],
       [-0.50425607],
       [ 3.96305096]]), array([[-0.75425195],
       [-0.50074836],
       [ 3.87596736]]), array([[-0.68311418],
       [-0.51670988],
       [ 3.70397164]]), array([[-0.65468223],
       [-0.73416178],
       [ 3.60018487]]), array([[-0.67352587],
       [-0.84011084],
       [ 3.57415156]]), array([[-0.6341776 ],
       [-0.67774394],
       [ 2.94280033]]), array([[-0.67370811],
       [-0.566818  ],
       [ 2.79697523]]), array([[-0.6975322 ],
       [-0.40387784],
       [ 2.4816962 ]]), array([[-0.69112563],
       [-0.21679035],
       [ 1.98409618]]), array([[-0.66632354],
       [-0.07322787],
       [ 1.53036496]]), array([[-0.70497016],
       [-0.06050305],
       [ 1.64650133]]), array([[-0.7293015 ],
       [-0.01286626],
       [ 1.84610958]]), array([[-0.76957009],
       [ 0.03774557],
       [ 2.27927551]]), array([[-0.80329955],
       [ 0.03867127],
       [ 2.81642483]]), array([[-0.84534574],
       [ 0.03716984],
       [ 3.26170264]]), array([[-0.84603902],
       [ 0.01701086],
       [ 3.6817182 ]]), array([[-0.86707743],
       [ 0.08644788],
       [ 3.93860473]]), array([[-0.92270138],
       [ 0.10387072],
       [ 4.09240963]]), array([[-0.99966544],
       [ 0.17888462],
       [ 4.24698291]]), array([[-1.05462768],
       [ 0.16921295],
       [ 4.29632774]]), array([[-1.07921371],
       [ 0.1430526 ],
       [ 4.08613748]]), array([[-1.0757455 ],
       [ 0.15178853],
       [ 3.67745538]]), array([[-1.11648649],
       [ 0.1076201 ],
       [ 3.50002414]]), array([[-1.15760871],
       [ 0.01456793],
       [ 3.28669577]]), array([[-1.13126338],
       [-0.08369686],
       [ 3.02507498]]), array([[-1.06491178],
       [ 0.01915134],
       [ 2.48895715]]), array([[-0.83427226],
       [ 0.06616601],
       [ 2.09572117]]), array([[-0.82347477],
       [ 0.06846871],
       [ 2.40814316]]), array([[-0.84756321],
       [ 0.00479976],
       [ 2.80526408]]), array([[-0.85360972],
       [-0.1423353 ],
       [ 3.27050455]]), array([[-0.8748397 ],
       [-0.17194749],
       [ 3.46561437]]), array([[-0.83594942],
       [-0.16663988],
       [ 3.50172591]]), array([[-0.87148466],
       [-0.20469679],
       [ 3.67721264]]), array([[-0.90458259],
       [-0.23434663],
       [ 3.65649668]]), array([[-0.85113656],
       [-0.43259003],
       [ 3.86160549]]), array([[-0.80573773],
       [-0.50690443],
       [ 3.9366015 ]]), array([[-0.77909034],
       [-0.51814256],
       [ 3.83533887]]), array([[-0.74327066],
       [-0.39590629],
       [ 3.35548528]]), array([[-0.71879266],
       [-0.24950731],
       [ 2.77396889]]), array([[-0.65893424],
       [-0.17662907],
       [ 2.25622027]]), array([[-0.58975775],
       [-0.11799586],
       [ 1.77566733]]), array([[-0.53023642],
       [-0.09948317],
       [ 1.4178635 ]]), array([[-0.58473282],
       [-0.15614066],
       [ 1.72120615]]), array([[-0.57146644],
       [-0.08075728],
       [ 1.57115126]]), array([[-0.64306069],
       [-0.07862845],
       [ 1.93927814]]), array([[-0.71766982],
       [-0.12926288],
       [ 2.50595117]]), array([[-0.75693215],
       [-0.22169707],
       [ 3.15743198]]), array([[-0.84315344],
       [-0.23805808],
       [ 3.4711626 ]]), array([[-0.86999003],
       [-0.32830109],
       [ 4.20864677]]), array([[-0.91461416],
       [-0.47422158],
       [ 4.43651579]]), array([[-0.97575577],
       [-0.47377962],
       [ 4.37595542]]), array([[-0.97501686],
       [-0.36966015],
       [ 4.20405383]]), array([[-0.86690345],
       [-0.3182377 ],
       [ 3.67772837]]), array([[-0.89572962],
       [-0.32389358],
       [ 3.59149043]]), array([[-0.956427  ],
       [-0.28154753],
       [ 3.35880338]]), array([[-0.99116675],
       [-0.14455124],
       [ 3.20431986]]), array([[-0.92663977],
       [ 0.00617282],
       [ 2.97361127]]), array([[-0.79987927],
       [ 0.14088396],
       [ 2.60805014]]), array([[-0.75800098],
       [ 0.12282062],
       [ 2.49975904]]), array([[-0.75972592],
       [ 0.09482193],
       [ 2.59124967]]), array([[-0.81526805],
       [ 0.05048845],
       [ 2.72598825]]), array([[-0.81508556],
       [ 0.01919615],
       [ 2.89641649]]), array([[-0.78232914],
       [ 0.00209266],
       [ 2.92519084]]), array([[-0.76364056],
       [ 0.03344826],
       [ 2.98686474]]), array([[-0.76739394],
       [ 0.05794568],
       [ 3.0184759 ]]), array([[-0.87593935],
       [ 0.00494206],
       [ 3.16896226]]), array([[-0.92439784],
       [-0.06748838],
       [ 3.38457426]]), array([[-0.95206622],
       [-0.16635651],
       [ 3.69404225]]), array([[-0.9568028 ],
       [-0.22150116],
       [ 3.74644097]]), array([[-0.94918996],
       [-0.12681573],
       [ 3.52098928]]), array([[-0.91362763],
       [-0.09851184],
       [ 3.47776085]]), array([[-0.8901562 ],
       [-0.10069877],
       [ 3.57827743]]), array([[-0.87151567],
       [-0.12127954],
       [ 3.86310746]]), array([[-0.82963785],
       [-0.28794279],
       [ 4.18354369]]), array([[-0.82534611],
       [-0.41721287],
       [ 4.27825093]]), array([[-0.81373349],
       [-0.52584254],
       [ 4.26872085]]), array([[-0.84428813],
       [-0.54873405],
       [ 4.31792367]]), array([[-0.97303118],
       [-0.57102936],
       [ 4.07336374]]), array([[-1.05054721],
       [-0.59790174],
       [ 4.31629178]]), array([[-1.0876725 ],
       [-0.39826032],
       [ 4.33123571]]), array([[-1.04468596],
       [-0.346378  ],
       [ 4.25710075]]), array([[-0.92747523],
       [-0.41613669],
       [ 3.9026682 ]]), array([[-0.78280694],
       [-0.38525741],
       [ 3.19463319]]), array([[-0.68607045],
       [-0.31391708],
       [ 2.44942993]]), array([[-0.65311038],
       [-0.24957459],
       [ 2.00835383]]), array([[-0.68516009],
       [-0.24120318],
       [ 2.08681146]]), array([[-0.7574397 ],
       [-0.23611724],
       [ 2.39820532]]), array([[-0.83811631],
       [-0.19635036],
       [ 2.92140773]]), array([[-0.8531123 ],
       [-0.20895845],
       [ 3.4106195 ]]), array([[-0.9167075 ],
       [-0.20319995],
       [ 4.08066866]]), array([[-0.94031008],
       [-0.19611185],
       [ 4.3861084 ]]), array([[-1.01916465],
       [-0.32038482],
       [ 4.83038977]]), array([[-1.14556856],
       [-0.34871206],
       [ 5.09140317]]), array([[-1.15449006],
       [-0.47545019],
       [ 5.05456685]]), array([[-1.11746287],
       [-0.50008977],
       [ 5.0167023 ]]), array([[-1.1564679 ],
       [-0.51731108],
       [ 4.73603523]]), array([[-1.16170864],
       [-0.46182616],
       [ 4.34873119]]), array([[-1.15191604],
       [-0.43522865],
       [ 3.9527295 ]]), array([[-1.07829984],
       [-0.38799521],
       [ 3.69862033]]), array([[-0.9983449 ],
       [-0.30398315],
       [ 3.31765102]]), array([[-0.86710214],
       [-0.15246922],
       [ 2.68302607]]), array([[-0.73692897],
       [ 0.00517444],
       [ 1.85329194]]), array([[-0.78525876],
       [ 0.04899121],
       [ 1.8373976 ]]), array([[-0.79196592],
       [ 0.08638774],
       [ 1.94324349]]), array([[-0.88699621],
       [ 0.09157022],
       [ 2.25046429]]), array([[-0.81296891],
       [ 0.14152262],
       [ 2.20331149]]), array([[-0.76837327],
       [ 0.17112707],
       [ 2.29566006]]), array([[-0.73302523],
       [ 0.17288359],
       [ 2.39847774]]), array([[-0.77081789],
       [ 0.05165249],
       [ 2.77180408]]), array([[-0.83725772],
       [-0.08982902],
       [ 3.25019267]]), array([[-0.84967551],
       [-0.25728411],
       [ 3.75851294]]), array([[-0.90800216],
       [-0.35185687],
       [ 4.05612   ]]), array([[-0.89758121],
       [-0.43735854],
       [ 4.3245516 ]]), array([[-0.89953756],
       [-0.44113875],
       [ 4.46765823]]), array([[-0.93751599],
       [-0.40553715],
       [ 4.44403127]]), array([[-0.98814311],
       [-0.43543872],
       [ 4.55375199]]), array([[-1.00045661],
       [-0.40156358],
       [ 4.69307115]]), array([[-0.96732377],
       [-0.49456279],
       [ 4.77612721]]), array([[-0.94613227],
       [-0.5724298 ],
       [ 4.79880528]]), array([[-0.90334061],
       [-0.53507368],
       [ 4.73687819]]), array([[-0.87092894],
       [-0.52637657],
       [ 4.33074183]]), array([[-0.9557546 ],
       [-0.63232621],
       [ 4.27566885]]), array([[-0.99395019],
       [-0.67055504],
       [ 4.18986602]]), array([[-1.01926919],
       [-0.62816994],
       [ 3.98020857]]), array([[-0.98781083],
       [-0.5328418 ],
       [ 3.5911218 ]]), array([[-1.01897031],
       [-0.49455548],
       [ 3.65588925]]), array([[-0.86646952],
       [-0.35383043],
       [ 2.71610811]]), array([[-0.8843049 ],
       [-0.19516148],
       [ 2.41536598]]), array([[-0.86682115],
       [-0.03042624],
       [ 2.08166188]]), array([[-0.83729372],
       [-0.0028294 ],
       [ 2.09817349]]), array([[-0.80837682],
       [-0.00412024],
       [ 2.03751939]]), array([[-0.86360264],
       [-0.05406961],
       [ 2.34258291]]), array([[-0.90055403],
       [-0.10366075],
       [ 2.57377944]]), array([[-0.95459865],
       [-0.09423301],
       [ 2.89471525]]), array([[-1.00020639],
       [-0.14447501],
       [ 3.22773457]]), array([[-0.96520551],
       [-0.19926302],
       [ 3.53514885]]), array([[-0.99569626],
       [-0.03757522],
       [ 3.63891154]]), array([[-1.13103846],
       [ 0.01623515],
       [ 3.47197905]]), array([[-1.1654405 ],
       [-0.03516361],
       [ 3.45847792]]), array([[-1.13947828],
       [ 0.05907009],
       [ 3.17398995]]), array([[-1.04705642],
       [ 0.11740318],
       [ 2.97631543]]), array([[-1.06849243],
       [ 0.04415449],
       [ 3.11339052]]), array([[-0.77094497],
       [ 0.00781616],
       [ 2.46655339]]), array([[-0.74900423],
       [ 0.02133839],
       [ 2.4012082 ]]), array([[-0.6878686 ],
       [ 0.04834605],
       [ 2.50280896]]), array([[-0.69892474],
       [-0.04167571],
       [ 2.87432695]]), array([[-0.66731016],
       [-0.08447793],
       [ 3.08024282]]), array([[-0.67180468],
       [-0.17872601],
       [ 3.32940233]]), array([[-0.72130676],
       [-0.25042302],
       [ 3.41333162]]), array([[-0.80436895],
       [-0.3729669 ],
       [ 3.99662489]]), array([[-0.8870886 ],
       [-0.34446301],
       [ 4.26332687]]), array([[-0.90257911],
       [-0.34346752],
       [ 4.26635021]]), array([[-0.93819819],
       [-0.40608978],
       [ 4.42960776]]), array([[-0.91322606],
       [-0.34559512],
       [ 4.04098697]]), array([[-0.95493291],
       [-0.35107798],
       [ 4.11994178]]), array([[-0.94869136],
       [-0.3436506 ],
       [ 3.94558107]]), array([[-0.96823171],
       [-0.38168293],
       [ 3.96362627]]), array([[-0.94298817],
       [-0.4272881 ],
       [ 3.82399885]]), array([[-0.94533637],
       [-0.46688686],
       [ 3.86116491]]), array([[-0.90315992],
       [-0.56419068],
       [ 3.76134642]]), array([[-0.81431903],
       [-0.40619927],
       [ 3.18177034]]), array([[-0.80542188],
       [-0.36451997],
       [ 3.14107651]]), array([[-0.77846094],
       [-0.36202552],
       [ 3.09354177]]), array([[-0.79327903],
       [-0.30792728],
       [ 3.19440702]]), array([[-0.78737721],
       [-0.37706489],
       [ 3.36520229]]), array([[-0.73876102],
       [-0.41124441],
       [ 3.09802166]]), array([[-0.7816135 ],
       [-0.40889819],
       [ 3.23493598]]), array([[-0.92981394],
       [-0.44819784],
       [ 3.6780411 ]]), array([[-0.90687829],
       [-0.44240233],
       [ 3.14367367]]), array([[-0.88113776],
       [-0.43550689],
       [ 3.01727385]]), array([[-0.81771291],
       [-0.34309615],
       [ 2.61626608]]), array([[-0.70847359],
       [-0.16558025],
       [ 2.06969164]]), array([[-0.66643565],
       [-0.07631504],
       [ 1.70332553]]), array([[-0.72964602],
       [-0.13703973],
       [ 2.30687162]]), array([[-0.83939032],
       [-0.22298412],
       [ 2.68447192]]), array([[-0.94087789],
       [-0.24358762],
       [ 2.95185952]]), array([[-0.97864367],
       [-0.11739521],
       [ 3.09027855]]), array([[-0.94947468],
       [ 0.03351621],
       [ 3.14765231]]), array([[-0.97022352],
       [ 0.00891904],
       [ 3.47208579]]), array([[-1.01995826],
       [ 0.08812129],
       [ 3.69196402]]), array([[-1.11169699],
       [ 0.07145452],
       [ 3.92907551]]), array([[-1.13613577],
       [ 0.02002694],
       [ 3.96893565]]), array([[-1.11832318],
       [-0.00053963],
       [ 3.72034619]]), array([[-1.0148173 ],
       [ 0.07067848],
       [ 3.23718945]]), array([[-0.94877932],
       [ 0.09202338],
       [ 2.87235523]]), array([[-0.93427002],
       [ 0.01706762],
       [ 2.84603938]]), array([[-0.92198918],
       [-0.12276162],
       [ 3.02092954]]), array([[-0.85410108],
       [-0.27799092],
       [ 3.11208098]]), array([[-0.87001959],
       [-0.44130528],
       [ 3.45052597]]), array([[-0.81660565],
       [-0.47347658],
       [ 3.50845616]]), array([[-0.85446183],
       [-0.29065646],
       [ 3.2224246 ]]), array([[-0.91100012],
       [-0.19571308],
       [ 3.23815549]]), array([[-0.96382557],
       [-0.18671727],
       [ 3.43481853]]), array([[-1.00300721],
       [-0.26016049],
       [ 3.79108383]]), array([[-0.98772927],
       [-0.2314877 ],
       [ 3.66665843]]), array([[-0.90425291],
       [-0.16157457],
       [ 3.4654858 ]]), array([[-0.82487549],
       [-0.08344989],
       [ 3.19467124]]), array([[-0.80529906],
       [-0.03030174],
       [ 3.18179548]]), array([[-0.88128802],
       [-0.09467675],
       [ 3.81752781]]), array([[-0.92158849],
       [-0.05023165],
       [ 4.00444078]]), array([[-0.83027065],
       [-0.10323971],
       [ 3.75543989]]), array([[-0.88418891],
       [-0.22199542],
       [ 3.8833193 ]]), array([[-0.91595694],
       [-0.23678335],
       [ 3.87270557]]), array([[-0.92186575],
       [-0.15773558],
       [ 3.64566257]]), array([[-0.97587064],
       [-0.13782899],
       [ 3.70691511]]), array([[-0.88753894],
       [-0.18680039],
       [ 3.02184473]]), array([[-0.85715022],
       [-0.13840803],
       [ 2.70448804]]), array([[-0.88061296],
       [-0.1298399 ],
       [ 2.53474401]]), array([[-0.87493975],
       [-0.02735406],
       [ 2.2770434 ]]), array([[-0.912837  ],
       [ 0.02488803],
       [ 2.11758328]]), array([[-0.8898915 ],
       [ 0.07990276],
       [ 2.07396954]]), array([[-0.92652637],
       [ 0.17594111],
       [ 2.15274781]]), array([[-0.93607146],
       [ 0.16720605],
       [ 2.43361545]]), array([[-0.93546076],
       [ 0.03978499],
       [ 2.80610363]]), array([[-0.88761073],
       [ 0.05444422],
       [ 2.98547702]]), array([[-0.85298432],
       [ 0.02860784],
       [ 3.19057014]]), array([[-0.95303668],
       [-0.08465193],
       [ 3.37451468]]), array([[-0.98225877],
       [-0.06967107],
       [ 3.50870298]]), array([[-1.00207757],
       [ 0.00060667],
       [ 3.71196151]]), array([[-1.08926198],
       [-0.01699347],
       [ 4.21372107]]), array([[-1.19286217],
       [ 0.03157035],
       [ 4.48703554]]), array([[-1.28590736],
       [ 0.04612162],
       [ 4.76750699]]), array([[-1.26616681],
       [ 0.02787467],
       [ 4.03807143]]), array([[-1.34618922],
       [-0.01555381],
       [ 4.47608798]]), array([[-1.10373481],
       [-0.29981878],
       [ 4.62554963]]), array([[-0.99362655],
       [-0.33368811],
       [ 4.14238875]]), array([[-0.97297297],
       [-0.35326785],
       [ 4.30007943]]), array([[-0.82942225],
       [-0.39631346],
       [ 3.78381871]]), array([[-0.77675384],
       [-0.33454388],
       [ 3.43544357]]), array([[-0.76408791],
       [-0.28305971],
       [ 3.06675713]]), array([[-0.74516277],
       [-0.25443726],
       [ 2.58201315]]), array([[-0.73393194],
       [-0.15237032],
       [ 1.99675277]]), array([[-0.73005108],
       [ 0.02675639],
       [ 1.44419033]]), array([[-0.77589991],
       [ 0.0830722 ],
       [ 1.76759899]]), array([[-0.85646382],
       [ 0.0203359 ],
       [ 2.50493779]]), array([[-0.84768574],
       [ 0.02073391],
       [ 2.80452531]]), array([[-0.84563403],
       [ 0.00910706],
       [ 2.85128382]]), array([[-0.87727665],
       [-0.00204132],
       [ 2.84358302]]), array([[-0.89189963],
       [-0.0847679 ],
       [ 3.06283623]]), array([[-0.90128501],
       [-0.10024346],
       [ 3.38185598]]), array([[-0.90158185],
       [-0.09974725],
       [ 3.68543887]]), array([[-0.92674705],
       [-0.18016186],
       [ 3.97398543]]), array([[-1.01561925],
       [-0.17221019],
       [ 3.95314464]]), array([[-1.04544781],
       [-0.14217056],
       [ 3.7688199 ]]), array([[-0.96784834],
       [-0.15726009],
       [ 3.62871679]]), array([[-0.92513945],
       [-0.11962155],
       [ 3.39437678]]), array([[-0.90887865],
       [-0.10602034],
       [ 3.18376456]]), array([[-0.90392291],
       [-0.07846723],
       [ 2.93086563]]), array([[-0.84439039],
       [-0.04272778],
       [ 2.66922976]]), array([[-0.74731929],
       [ 0.01251708],
       [ 2.35792463]]), array([[-0.68485909],
       [ 0.02681402],
       [ 2.14517006]]), array([[-0.67147295],
       [ 0.05959517],
       [ 2.13634747]]), array([[-0.66638894],
       [ 0.06966613],
       [ 2.20419281]]), array([[-0.66392565],
       [ 0.07269662],
       [ 2.26264121]]), array([[-0.66764161],
       [ 0.09489902],
       [ 2.30200233]]), array([[-0.68659504],
       [ 0.11811045],
       [ 2.38704807]]), array([[-0.7426726 ],
       [ 0.10994951],
       [ 2.52671198]]), array([[-0.79290267],
       [-0.06482353],
       [ 2.83282812]]), array([[-0.82350772],
       [-0.11133297],
       [ 2.95146431]]), array([[-0.81729579],
       [-0.11603584],
       [ 2.97385281]]), array([[-0.80069251],
       [-0.15411867],
       [ 3.0435486 ]]), array([[-0.79984554],
       [-0.17247958],
       [ 3.16897289]]), array([[-0.80318474],
       [-0.19233165],
       [ 3.27779992]]), array([[-0.80126278],
       [-0.19296446],
       [ 3.34592645]]), array([[-0.79226562],
       [-0.19322587],
       [ 3.38072973]])]
===== opencv end =====