===== please wait for opencv camera calibration using aprilgrid =====
ret : 

0.3519954417
Camera matrix : 

[[ 741.36777522    0.          639.99067258]
 [   0.          740.22092375  515.48692447]
 [   0.            0.            1.        ]]
dist : 

[[-0.28463873  0.09763361 -0.00017802  0.00001013 -0.01609806]]
rvecs : 

[array([[ 3.02371074],
       [-0.11392539],
       [ 0.46807196]]), array([[ 3.01748514],
       [-0.10962814],
       [ 0.47686165]]), array([[ 3.01555911],
       [-0.10634631],
       [ 0.46608514]]), array([[ 3.00122453],
       [-0.10043173],
       [ 0.43715993]]), array([[ 3.01073143],
       [-0.15144178],
       [ 0.28968434]]), array([[ 2.78394865],
       [ 0.07670439],
       [ 0.69513857]]), array([[ 2.73950701],
       [-0.03513152],
       [ 0.9480415 ]]), array([[ 2.86961336],
       [-0.15600738],
       [ 0.75384515]]), array([[ 2.87259864],
       [-0.13363504],
       [ 0.413599  ]]), array([[ 2.92190933],
       [-0.1325081 ],
       [ 0.42395559]]), array([[ 2.91643506],
       [-0.0910075 ],
       [ 0.26845713]]), array([[ 2.96040339],
       [-0.02182011],
       [ 0.42738256]]), array([[ 2.92938034],
       [ 0.00293218],
       [ 0.43544777]]), array([[ 2.94827091],
       [-0.07560311],
       [ 0.40009816]]), array([[ 2.85238094],
       [-0.31617828],
       [ 0.42100888]]), array([[ 2.71924474],
       [-0.23989467],
       [ 0.49135581]]), array([[ 2.51706159],
       [-0.04782881],
       [ 0.61507533]]), array([[ 2.54338566],
       [ 0.09806925],
       [ 0.55612324]]), array([[ 2.40697318],
       [ 0.10619172],
       [ 0.43807432]]), array([[ 2.46495193],
       [ 0.10307753],
       [ 0.28622715]]), array([[ 2.55152836],
       [ 0.13356694],
       [ 0.28327612]]), array([[ 2.59708733],
       [ 0.10137387],
       [ 0.27660616]]), array([[ 2.81888964],
       [-0.38845998],
       [ 0.00810377]]), array([[ 2.92429365],
       [-0.67885741],
       [-0.37293645]]), array([[-2.9221103 ],
       [ 1.0487988 ],
       [ 0.36159595]]), array([[-2.87607694],
       [ 1.1203526 ],
       [ 0.34634496]]), array([[-2.90202526],
       [ 1.11808152],
       [ 0.362806  ]]), array([[-2.91046252],
       [ 1.11273648],
       [ 0.35351373]]), array([[-2.91538987],
       [ 1.12441265],
       [ 0.37257117]]), array([[ 2.78968337],
       [-0.88052803],
       [-0.49998739]]), array([[ 2.74508808],
       [-0.3911218 ],
       [-0.42409552]]), array([[ 3.03765881],
       [-0.2153778 ],
       [ 0.26961777]]), array([[ 3.14525582],
       [-0.13615217],
       [ 0.81533736]]), array([[ 3.04841859],
       [-0.0355088 ],
       [ 0.98321158]]), array([[ 2.95260515],
       [-0.00263918],
       [ 1.10306129]]), array([[ 2.95251708],
       [ 0.00502042],
       [ 1.10994619]]), array([[ 2.96890628],
       [-0.00432021],
       [ 1.08511009]]), array([[ 3.04674059],
       [-0.15975823],
       [ 0.87906343]]), array([[ 2.94966016],
       [-0.26856773],
       [ 0.32902235]]), array([[ 2.57847301],
       [ 0.03650686],
       [ 0.20480389]]), array([[ 2.39388843],
       [ 0.21455054],
       [-0.04755323]]), array([[ 2.60285366],
       [ 0.0515651 ],
       [-0.15312078]]), array([[ 2.63089821],
       [ 0.00866593],
       [-0.22165978]]), array([[ 2.66907227],
       [ 0.0027494 ],
       [-0.16067053]]), array([[ 2.66793863],
       [-0.01553718],
       [-0.15207979]]), array([[ 2.67705582],
       [-0.02450828],
       [-0.1510861 ]]), array([[ 2.6680081 ],
       [-0.05424935],
       [-0.18210944]]), array([[ 2.64287456],
       [-0.08144132],
       [-0.24331443]]), array([[ 2.66035715],
       [-0.16830601],
       [-0.38940803]]), array([[ 2.74203678],
       [-0.36898278],
       [-0.64558525]]), array([[-2.81056232],
       [ 1.11356821],
       [ 0.80214167]]), array([[-2.18778853],
       [ 1.63970632],
       [ 0.58657881]]), array([[-1.98426174],
       [ 1.86779009],
       [ 0.45051707]]), array([[-1.89268317],
       [ 1.9498552 ],
       [ 0.5271505 ]]), array([[-1.84469928],
       [ 2.06007649],
       [ 0.62362632]]), array([[-1.83801217],
       [ 2.04723016],
       [ 0.62594576]]), array([[-1.83403034],
       [ 2.03677966],
       [ 0.63583724]]), array([[-1.89926883],
       [ 2.01846817],
       [ 0.69238599]]), array([[-2.28979148],
       [ 1.8661068 ],
       [ 0.78837672]]), array([[ 2.76778736],
       [-1.04897526],
       [-0.63593297]]), array([[ 2.62755803],
       [-0.06867249],
       [-0.53740782]]), array([[ 2.45851617],
       [ 0.10635023],
       [-0.45206087]]), array([[ 2.42691834],
       [ 0.04506347],
       [-0.47469513]]), array([[ 2.58189893],
       [-0.05357637],
       [-0.51215843]]), array([[ 3.14209547],
       [-0.77854945],
       [-0.52266603]]), array([[-2.23137145],
       [ 1.36793629],
       [ 0.26290134]]), array([[-1.93271701],
       [ 1.61956325],
       [-0.04265549]]), array([[-1.71472029],
       [ 1.74863212],
       [-0.17801691]]), array([[-1.73706719],
       [ 1.76861184],
       [-0.36453143]]), array([[-1.6790472 ],
       [ 1.78318797],
       [-0.41855468]]), array([[-1.68929251],
       [ 1.75849082],
       [-0.51568456]]), array([[-1.70260288],
       [ 1.76423752],
       [-0.57195027]]), array([[-1.72723541],
       [ 1.77974019],
       [-0.56442289]]), array([[-2.0469034 ],
       [ 1.87012399],
       [-0.39389933]]), array([[-2.48597627],
       [ 1.8752482 ],
       [-0.00035464]]), array([[-2.9857236 ],
       [ 1.38522726],
       [ 0.33111856]]), array([[-2.88149273],
       [ 0.89648864],
       [ 0.25761635]]), array([[-2.5634012 ],
       [ 0.82887397],
       [ 0.22415077]]), array([[-2.44776702],
       [ 0.8637293 ],
       [ 0.27272813]]), array([[-2.42476944],
       [ 0.88813661],
       [ 0.28310137]]), array([[-2.41330447],
       [ 0.89982096],
       [ 0.27606744]]), array([[-2.39474447],
       [ 0.9353527 ],
       [ 0.27550049]]), array([[-2.3729507 ],
       [ 0.97996136],
       [ 0.28940175]]), array([[-2.29027261],
       [ 1.23369733],
       [ 0.36072804]]), array([[-1.99458774],
       [ 1.63715287],
       [ 0.42945667]]), array([[-1.88887214],
       [ 1.83492696],
       [ 0.49706605]]), array([[-1.54381463],
       [ 2.03179205],
       [ 0.55178235]]), array([[-1.22210764],
       [ 2.0928363 ],
       [ 0.61423394]]), array([[-1.18196095],
       [ 2.03710033],
       [ 0.69914918]]), array([[-1.16562348],
       [ 2.0186433 ],
       [ 0.74076472]]), array([[-1.17593648],
       [ 2.00128774],
       [ 0.7412442 ]]), array([[-1.19669487],
       [ 2.00885966],
       [ 0.73241566]]), array([[-1.46360299],
       [ 1.96874072],
       [ 0.73287904]]), array([[-2.15101042],
       [ 1.9462115 ],
       [ 0.83060462]]), array([[-2.17295651],
       [ 2.01300215],
       [ 1.10314096]]), array([[-2.28275628],
       [ 2.0423647 ],
       [ 1.1304646 ]]), array([[-2.29480005],
       [ 2.12417452],
       [ 1.10353485]]), array([[-2.27900399],
       [ 2.13217313],
       [ 1.05342578]]), array([[-2.28924785],
       [ 1.97729373],
       [ 0.84179749]]), array([[-2.26963658],
       [ 1.954845  ],
       [ 0.47856515]]), array([[-1.96889716],
       [ 1.81177879],
       [-0.24217199]]), array([[-1.47668228],
       [ 1.64420398],
       [-0.5593109 ]]), array([[-1.38812708],
       [ 1.56424367],
       [-0.55087528]]), array([[-1.37318166],
       [ 1.57660494],
       [-0.52516515]]), array([[-1.38159381],
       [ 1.58291376],
       [-0.48785747]]), array([[-1.42306551],
       [ 1.58477336],
       [-0.49769251]]), array([[-1.42947705],
       [ 1.59693662],
       [-0.50495447]]), array([[-1.44388193],
       [ 1.60531453],
       [-0.50316116]]), array([[-1.44925494],
       [ 1.61193646],
       [-0.44713973]]), array([[-1.43818151],
       [ 1.60271219],
       [-0.19197512]]), array([[-1.34792885],
       [ 1.5083367 ],
       [ 0.09770215]]), array([[-1.24575734],
       [ 1.55204438],
       [ 0.21288416]]), array([[-1.3834761 ],
       [ 1.69146248],
       [ 0.23041179]]), array([[-1.48802005],
       [ 1.9246594 ],
       [ 0.44832673]]), array([[-1.50352147],
       [ 2.04497935],
       [ 0.60878618]]), array([[-1.47705139],
       [ 2.04834593],
       [ 0.60057816]]), array([[-1.47530364],
       [ 2.03456421],
       [ 0.58540202]]), array([[-1.48176098],
       [ 2.03185358],
       [ 0.58204937]]), array([[-1.50663611],
       [ 2.06276645],
       [ 0.55588693]]), array([[-1.70540407],
       [ 2.26323026],
       [ 0.4190577 ]]), array([[-1.96305808],
       [ 2.34032614],
       [ 0.23709307]]), array([[-2.025985  ],
       [ 2.31931752],
       [ 0.20027198]]), array([[-2.01690822],
       [ 2.31629188],
       [ 0.1757123 ]]), array([[-2.08699845],
       [ 2.32573947],
       [ 0.03452763]]), array([[-2.22655869],
       [ 2.27728057],
       [-0.15006354]]), array([[-2.37759927],
       [ 2.05904041],
       [-0.28946107]]), array([[-2.29939637],
       [ 1.80881615],
       [-0.47194529]]), array([[-2.11880374],
       [ 1.70715791],
       [-0.48324038]]), array([[-2.0959249 ],
       [ 1.76592912],
       [-0.56659331]]), array([[-2.13937771],
       [ 1.75586708],
       [-0.574753  ]]), array([[-2.16859579],
       [ 1.74101691],
       [-0.58412056]]), array([[-2.18589384],
       [ 1.73894167],
       [-0.59830471]]), array([[-2.30837603],
       [ 1.68674184],
       [-0.55335521]]), array([[-2.22618436],
       [ 1.38772142],
       [-0.65261406]]), array([[-2.12724   ],
       [ 1.21832985],
       [-0.40190466]]), array([[-2.23807324],
       [ 1.16594898],
       [-0.04743773]]), array([[-2.25528032],
       [ 1.08910967],
       [ 0.05381021]]), array([[-2.25416153],
       [ 1.08966551],
       [ 0.08266748]]), array([[-2.24532911],
       [ 1.10197219],
       [ 0.08567058]]), array([[-2.24495363],
       [ 1.10674607],
       [ 0.08675909]]), array([[-2.24068583],
       [ 1.11756266],
       [ 0.08873985]]), array([[-2.23168625],
       [ 1.1296545 ],
       [ 0.09094208]]), array([[-2.09043582],
       [ 1.30770557],
       [ 0.22997053]]), array([[-1.95970397],
       [ 1.53981427],
       [ 0.41549485]]), array([[-2.01890848],
       [ 1.89498059],
       [ 0.42587628]]), array([[-2.2844856 ],
       [ 2.05958348],
       [ 0.31018841]]), array([[-2.40389746],
       [ 2.06597265],
       [ 0.13334346]]), array([[-2.38853955],
       [ 1.98736174],
       [ 0.02831646]]), array([[-2.21874446],
       [ 1.94469363],
       [ 0.12155542]]), array([[-2.18153841],
       [ 1.92246528],
       [ 0.17273953]]), array([[-2.18916168],
       [ 1.90485875],
       [ 0.16765552]]), array([[-2.19390778],
       [ 1.89878673],
       [ 0.14144076]]), array([[-2.22320905],
       [ 1.89115569],
       [ 0.08769433]]), array([[-2.27190569],
       [ 1.86942773],
       [ 0.04680743]]), array([[-2.30290949],
       [ 1.95221259],
       [-0.01984927]]), array([[-2.4415855 ],
       [ 2.06334195],
       [-0.24472882]]), array([[-2.54046196],
       [ 2.02150067],
       [-0.48172459]]), array([[-2.47880542],
       [ 2.13155505],
       [-0.56531213]]), array([[-2.48685981],
       [ 2.13133415],
       [-0.64076047]]), array([[-2.49899553],
       [ 2.00816887],
       [-0.71396086]]), array([[ 2.27125684],
       [-1.86024252],
       [ 0.65345833]]), array([[ 2.30400251],
       [-1.85296971],
       [ 0.68703884]]), array([[ 2.40355588],
       [-1.73942034],
       [ 0.91150619]]), array([[-2.17167511],
       [ 1.65042969],
       [-0.88992925]]), array([[-2.19079192],
       [ 1.66693447],
       [-0.85420168]]), array([[-2.20445969],
       [ 1.67475546],
       [-0.83933509]]), array([[-2.06257115],
       [ 1.62073465],
       [-0.6659289 ]]), array([[-1.91812085],
       [ 1.64640832],
       [-0.45344841]]), array([[-1.95951043],
       [ 1.67357658],
       [-0.3300402 ]]), array([[-2.2016662 ],
       [ 1.72311309],
       [-0.47793667]]), array([[ 2.57203269],
       [-1.56084932],
       [ 0.77795265]]), array([[ 2.50117381],
       [-1.25415513],
       [ 0.88337395]]), array([[ 2.53539511],
       [-1.29428972],
       [ 0.86897979]]), array([[ 2.63124847],
       [-1.44879993],
       [ 0.80653261]]), array([[ 2.64417033],
       [-1.528987  ],
       [ 0.79243325]]), array([[-2.66085465],
       [ 1.4523997 ],
       [-0.70799862]]), array([[-2.50619573],
       [ 1.40606518],
       [-0.51030061]]), array([[-2.33476109],
       [ 1.52921571],
       [-0.22405365]]), array([[-2.26205265],
       [ 1.59349784],
       [-0.1191316 ]]), array([[-2.20870732],
       [ 1.61972124],
       [-0.07820233]]), array([[-2.2134012 ],
       [ 1.62219944],
       [-0.0769435 ]]), array([[-2.21493486],
       [ 1.64910696],
       [-0.07538143]]), array([[-2.19384227],
       [ 1.72484169],
       [-0.01404262]]), array([[-2.14541919],
       [ 1.88865385],
       [ 0.0982453 ]]), array([[-2.23980865],
       [ 2.0107532 ],
       [ 0.07707058]]), array([[-2.32293504],
       [ 2.05068351],
       [ 0.05058241]]), array([[-2.34721419],
       [ 2.06027815],
       [ 0.02323744]]), array([[-2.39373493],
       [ 2.0843202 ],
       [-0.07884627]]), array([[-2.40923962],
       [ 2.08742586],
       [-0.11304402]]), array([[-2.42204916],
       [ 2.07252918],
       [-0.12817761]]), array([[-2.45822545],
       [ 2.05862867],
       [-0.09366364]]), array([[-2.46864728],
       [ 2.04770372],
       [-0.13643798]]), array([[-2.47340206],
       [ 2.02477896],
       [-0.15407357]]), array([[-2.45690787],
       [ 2.00328589],
       [-0.2230627 ]]), array([[-2.44290459],
       [ 1.99342027],
       [-0.26450579]]), array([[-2.49505007],
       [ 1.95419532],
       [-0.31561667]]), array([[-2.58606469],
       [ 1.89331971],
       [-0.4351188 ]]), array([[-2.63616523],
       [ 1.78143224],
       [-0.66664402]]), array([[-2.64341645],
       [ 1.79993946],
       [-0.67200786]]), array([[-2.54555046],
       [ 1.68766147],
       [-0.75400378]]), array([[-2.26366747],
       [ 1.60075396],
       [-0.55031749]]), array([[-2.11392776],
       [ 1.56213381],
       [-0.50165474]]), array([[-2.05078942],
       [ 1.59769448],
       [-0.45146308]]), array([[-2.08733104],
       [ 1.63757471],
       [-0.42990867]]), array([[-2.0937139 ],
       [ 1.63126523],
       [-0.39554395]]), array([[-1.99267288],
       [ 1.67251245],
       [-0.14692967]]), array([[-2.01796448],
       [ 1.88601584],
       [ 0.00931976]]), array([[-2.07794479],
       [ 2.06445083],
       [ 0.04911762]]), array([[-2.08771081],
       [ 2.18897928],
       [ 0.23563197]]), array([[-2.12151979],
       [ 2.21538017],
       [ 0.25240645]]), array([[-2.33082199],
       [ 2.20975778],
       [ 0.08464447]]), array([[-2.42748101],
       [ 2.20906198],
       [-0.00537158]]), array([[-2.48171585],
       [ 2.19566181],
       [-0.03788798]]), array([[-2.55321122],
       [ 2.05724043],
       [-0.24067304]]), array([[-2.61066965],
       [ 1.9839622 ],
       [-0.39987714]]), array([[-2.51974923],
       [ 1.85742829],
       [-0.37929637]]), array([[-2.34076029],
       [ 1.67440044],
       [-0.49881045]]), array([[-2.35785819],
       [ 1.68082254],
       [-0.50813571]]), array([[-2.37511339],
       [ 1.62731356],
       [-0.54605221]]), array([[-2.28514862],
       [ 1.59423494],
       [-0.60730612]]), array([[-2.26202901],
       [ 1.56500749],
       [-0.56901331]]), array([[-2.2295373 ],
       [ 1.55759655],
       [-0.5065692 ]]), array([[-2.08364873],
       [ 1.48629265],
       [-0.28377227]]), array([[-1.93472739],
       [ 1.61267328],
       [-0.10653557]]), array([[-1.7847652 ],
       [ 1.73576348],
       [ 0.04733864]]), array([[-1.64798739],
       [ 1.83141638],
       [ 0.11155265]]), array([[-1.6581234 ],
       [ 1.91031112],
       [ 0.16643988]]), array([[-1.67030249],
       [ 1.93313142],
       [ 0.17173091]]), array([[-1.71494989],
       [ 1.98239451],
       [ 0.34012077]]), array([[-2.27852014],
       [ 2.13087637],
       [ 0.07711457]]), array([[-2.60911866],
       [ 2.16979043],
       [-0.2846056 ]]), array([[ 2.21802969],
       [-1.78736018],
       [ 0.25058487]]), array([[-2.57101831],
       [ 2.15253677],
       [-0.24005801]]), array([[-2.48360615],
       [ 2.10238518],
       [-0.14118093]]), array([[-2.46893543],
       [ 2.19918364],
       [-0.22693888]]), array([[ 2.13476904],
       [-1.81258163],
       [ 0.3781226 ]]), array([[ 2.28367619],
       [-1.7005982 ],
       [ 0.71323934]]), array([[ 2.51720228],
       [-1.50434394],
       [ 0.96886069]]), array([[-2.41427373],
       [ 1.68210961],
       [-0.63125454]]), array([[-2.1099242 ],
       [ 1.71725393],
       [-0.25525305]]), array([[-1.98043135],
       [ 1.8711362 ],
       [ 0.00345986]]), array([[-1.96168134],
       [ 1.87010954],
       [-0.00662606]]), array([[-1.99652892],
       [ 1.86482608],
       [-0.0122994 ]]), array([[-1.99248754],
       [ 1.89174345],
       [ 0.04370824]]), array([[-1.85802728],
       [ 2.09486284],
       [ 0.24407993]]), array([[-2.16066873],
       [ 2.2188198 ],
       [ 0.08643991]]), array([[-2.42407558],
       [ 2.17024175],
       [-0.19244876]]), array([[-2.54037635],
       [ 2.12306501],
       [-0.3639032 ]]), array([[-2.54146864],
       [ 2.04658189],
       [-0.41451794]]), array([[-2.55045261],
       [ 2.00781178],
       [-0.40961359]]), array([[-2.70799305],
       [ 1.73331833],
       [-0.71814627]]), array([[-2.69005901],
       [ 1.58137302],
       [-0.88841677]]), array([[-2.61471658],
       [ 1.61395091],
       [-0.74977416]]), array([[-2.30563067],
       [ 1.73201117],
       [-0.25477025]]), array([[-2.04207858],
       [ 1.82362056],
       [ 0.01062425]]), array([[-1.8745339 ],
       [ 1.97198084],
       [ 0.08926804]]), array([[-2.11805213],
       [ 2.14007119],
       [-0.1249153 ]]), array([[ 2.30440027],
       [-2.14816007],
       [ 0.29539583]]), array([[-2.05059527],
       [ 2.12474117],
       [-0.05166626]]), array([[-2.14953729],
       [ 2.15528097],
       [-0.05513968]]), array([[-2.11388998],
       [ 2.20312861],
       [ 0.15013159]]), array([[-2.1180539 ],
       [ 2.24719524],
       [ 0.21261481]]), array([[-2.0217421 ],
       [ 2.29820048],
       [ 0.37063886]]), array([[-1.95695491],
       [ 2.30505447],
       [ 0.42846635]]), array([[-1.94517306],
       [ 2.2865075 ],
       [ 0.43976126]]), array([[-1.93998398],
       [ 2.2857488 ],
       [ 0.42684082]]), array([[-1.94277774],
       [ 2.28695183],
       [ 0.41076016]]), array([[-2.00052741],
       [ 2.27983594],
       [ 0.33951624]]), array([[-2.35071136],
       [ 2.13894124],
       [-0.1784157 ]]), array([[-2.46559743],
       [ 1.93822608],
       [-0.3665356 ]]), array([[-2.51697117],
       [ 1.64505709],
       [-0.6070033 ]]), array([[-2.48006079],
       [ 1.41593546],
       [-0.75588249]]), array([[-2.4312104 ],
       [ 1.37253485],
       [-0.76441861]]), array([[-2.42792979],
       [ 1.37775756],
       [-0.72404897]]), array([[-2.42335611],
       [ 1.38663064],
       [-0.71962593]]), array([[-2.41868875],
       [ 1.39511866],
       [-0.69315728]]), array([[-2.39563993],
       [ 1.39354958],
       [-0.67985361]]), array([[-2.34809904],
       [ 1.37532179],
       [-0.72433157]]), array([[-2.28343362],
       [ 1.45547364],
       [-0.64838453]]), array([[-2.18500389],
       [ 1.59461533],
       [-0.42356218]]), array([[-1.94880842],
       [ 1.80142839],
       [-0.20064805]]), array([[-1.74582069],
       [ 1.90264213],
       [ 0.08902253]]), array([[-1.76907078],
       [ 1.85009527],
       [ 0.30395338]]), array([[-1.93978143],
       [ 1.95232346],
       [ 0.37021586]]), array([[-1.98156887],
       [ 2.04023966],
       [ 0.50631136]]), array([[-1.75024679],
       [ 1.9701498 ],
       [ 0.73269019]]), array([[-1.73666749],
       [ 1.99998542],
       [ 0.73634068]]), array([[-2.05591736],
       [ 2.06811322],
       [ 0.50006565]]), array([[-2.14492251],
       [ 2.08807355],
       [ 0.44103188]]), array([[-2.1390943 ],
       [ 2.09302089],
       [ 0.42973421]]), array([[-2.14425185],
       [ 2.07802365],
       [ 0.43055358]]), array([[-2.14259061],
       [ 2.06930672],
       [ 0.44764693]]), array([[-2.12296158],
       [ 2.09342445],
       [ 0.44170495]]), array([[-2.12651587],
       [ 2.12204932],
       [ 0.43912607]]), array([[-2.10045045],
       [ 2.25024376],
       [ 0.48793143]]), array([[-2.05699738],
       [ 2.47263485],
       [ 0.61327869]]), array([[-2.15285314],
       [ 2.55125111],
       [ 0.66437652]]), array([[-2.57360859],
       [ 2.26735068],
       [ 0.09778954]]), array([[-2.6223804 ],
       [ 2.22867209],
       [-0.00498582]]), array([[-2.66445316],
       [ 2.21252109],
       [-0.07404952]]), array([[-2.67218623],
       [ 2.20791227],
       [-0.09627133]]), array([[-2.69494293],
       [ 2.04280121],
       [-0.41689495]]), array([[-2.43144919],
       [ 1.92618567],
       [-0.53537369]]), array([[-2.37206429],
       [ 1.79530494],
       [-0.66030784]]), array([[-2.41514947],
       [ 1.71263592],
       [-0.79278642]]), array([[-2.39666279],
       [ 1.58231109],
       [-0.87741512]]), array([[-2.38777018],
       [ 1.56939211],
       [-0.88477189]]), array([[-2.39228279],
       [ 1.5622777 ],
       [-0.87885835]]), array([[-2.38234306],
       [ 1.57005186],
       [-0.87773331]]), array([[-2.38522473],
       [ 1.56200457],
       [-0.87857023]]), array([[-2.3975666 ],
       [ 1.52142243],
       [-0.8656116 ]]), array([[-2.34062195],
       [ 1.47801201],
       [-0.70392191]]), array([[-2.19698873],
       [ 1.48163033],
       [-0.48398261]]), array([[-2.15617168],
       [ 1.44088504],
       [-0.3231495 ]]), array([[-2.14955574],
       [ 1.43023334],
       [-0.33547777]]), array([[-2.14342351],
       [ 1.42049483],
       [-0.31117105]]), array([[-2.14192037],
       [ 1.41814257],
       [-0.29792271]]), array([[-2.13864185],
       [ 1.42001644],
       [-0.29395588]]), array([[-2.14471073],
       [ 1.41702392],
       [-0.28414727]]), array([[-2.12565088],
       [ 1.4423009 ],
       [-0.2182515 ]]), array([[-2.01926474],
       [ 1.60556162],
       [-0.01795009]]), array([[-1.95884322],
       [ 1.65910384],
       [ 0.16165792]]), array([[-2.05720484],
       [ 1.85750434],
       [ 0.24103919]]), array([[-2.05545802],
       [ 2.15640499],
       [ 0.2466635 ]]), array([[-2.00023397],
       [ 2.23484329],
       [ 0.32670111]]), array([[-2.00955131],
       [ 2.26357804],
       [ 0.3666806 ]]), array([[-2.09850388],
       [ 2.25341304],
       [ 0.42091288]]), array([[-2.18151546],
       [ 2.26041856],
       [ 0.36823777]]), array([[-2.32485725],
       [ 2.29120438],
       [ 0.18087177]]), array([[-2.5457725 ],
       [ 2.19520465],
       [-0.0164179 ]]), array([[-2.5898514 ],
       [ 1.98640304],
       [-0.14218678]]), array([[-2.55608681],
       [ 2.06713389],
       [-0.09347288]]), array([[-2.57552646],
       [ 2.03083028],
       [-0.20888112]]), array([[-2.58510908],
       [ 1.91183348],
       [-0.19027321]]), array([[-2.65057688],
       [ 1.8240201 ],
       [-0.27148783]]), array([[-2.63042932],
       [ 1.72554135],
       [-0.26923269]]), array([[-2.61503733],
       [ 1.61583282],
       [-0.307904  ]]), array([[-2.62352809],
       [ 1.6056847 ],
       [-0.31874347]]), array([[-2.62704158],
       [ 1.60308591],
       [-0.34587085]]), array([[-2.63224345],
       [ 1.58693327],
       [-0.35631383]]), array([[-2.61165108],
       [ 1.58539081],
       [-0.36021363]]), array([[-2.57762801],
       [ 1.59436204],
       [-0.35484288]]), array([[-2.60316617],
       [ 1.57867955],
       [-0.35251999]]), array([[-2.72307027],
       [ 1.44551346],
       [-0.34965744]]), array([[-2.56553688],
       [ 1.4617962 ],
       [-0.24615122]]), array([[-2.32910238],
       [ 1.46634162],
       [ 0.05033949]]), array([[-2.2841049 ],
       [ 1.54564896],
       [ 0.12264315]]), array([[-2.31461404],
       [ 1.61992227],
       [ 0.10669777]]), array([[-2.16852427],
       [ 1.84250932],
       [ 0.1015346 ]]), array([[-2.10313066],
       [ 1.92384408],
       [ 0.11980693]]), array([[-2.05430672],
       [ 1.98541429],
       [ 0.1922366 ]]), array([[-1.99372434],
       [ 2.05884839],
       [ 0.34114743]]), array([[-2.18570122],
       [ 2.1001181 ],
       [ 0.3889678 ]]), array([[-2.21969734],
       [ 2.22903958],
       [ 0.34877639]]), array([[-2.37863543],
       [ 2.31305531],
       [ 0.08411131]]), array([[-2.55708159],
       [ 2.17564303],
       [-0.17658139]]), array([[-2.52346055],
       [ 2.178973  ],
       [-0.16139061]]), array([[-2.53501667],
       [ 2.14864305],
       [-0.17289721]]), array([[-2.67209452],
       [ 1.90678456],
       [-0.3279387 ]]), array([[ 2.45198592],
       [-1.59983536],
       [ 0.43429645]]), array([[-2.797706  ],
       [ 1.69622768],
       [-0.41074748]]), array([[-2.53169351],
       [ 1.57433521],
       [-0.54449328]]), array([[-2.41145768],
       [ 1.58507098],
       [-0.55373465]]), array([[-2.38436679],
       [ 1.59518832],
       [-0.54516496]]), array([[-2.34588405],
       [ 1.55765142],
       [-0.52252149]]), array([[-2.27125413],
       [ 1.5530852 ],
       [-0.45918444]]), array([[-2.24783579],
       [ 1.46407127],
       [-0.42470484]]), array([[-2.11055525],
       [ 1.52469973],
       [-0.24971633]]), array([[-1.96137459],
       [ 1.72984843],
       [ 0.00810011]]), array([[-1.86206807],
       [ 1.78522566],
       [ 0.1847114 ]]), array([[-1.82218205],
       [ 1.87631968],
       [ 0.37067758]]), array([[-2.03143588],
       [ 2.06096837],
       [ 0.40873819]]), array([[-2.05762933],
       [ 2.26224964],
       [ 0.42186423]]), array([[-2.09755742],
       [ 2.33028832],
       [ 0.43461182]]), array([[-2.31603963],
       [ 2.31045919],
       [ 0.37858977]]), array([[-2.47811628],
       [ 2.25468519],
       [ 0.2680099 ]]), array([[-2.59713448],
       [ 2.20691823],
       [ 0.07287808]]), array([[-2.72241494],
       [ 2.08154797],
       [ 0.03345498]]), array([[-2.67840622],
       [ 2.07378891],
       [-0.01745236]]), array([[-2.60798393],
       [ 2.10255999],
       [-0.0848143 ]]), array([[-2.52185769],
       [ 2.1551964 ],
       [-0.08031899]]), array([[-2.51998872],
       [ 2.15647843],
       [-0.11282424]]), array([[-2.55849385],
       [ 2.17678455],
       [-0.18988899]]), array([[-2.59628931],
       [ 2.19708646],
       [-0.32613353]]), array([[-2.66737512],
       [ 2.02344883],
       [-0.39516666]]), array([[-2.66897106],
       [ 1.77310421],
       [-0.47182993]]), array([[-2.58962401],
       [ 1.60637699],
       [-0.64735184]]), array([[-2.5853999 ],
       [ 1.56711582],
       [-0.6698765 ]]), array([[-2.5366246 ],
       [ 1.57571668],
       [-0.60468973]]), array([[-2.36787069],
       [ 1.54317015],
       [-0.43593026]]), array([[-2.30711973],
       [ 1.54208662],
       [-0.3016365 ]]), array([[-2.25971709],
       [ 1.56070952],
       [-0.30394241]]), array([[-2.13341453],
       [ 1.57033295],
       [-0.09977866]]), array([[-2.00854549],
       [ 1.65149412],
       [ 0.15892689]]), array([[-1.98700402],
       [ 1.93595154],
       [ 0.2951895 ]]), array([[-1.86239567],
       [ 2.11023192],
       [ 0.46440376]]), array([[-2.10328262],
       [ 2.24213002],
       [ 0.51892011]]), array([[-2.24996764],
       [ 2.31141416],
       [ 0.32923905]]), array([[-2.43922852],
       [ 2.26677463],
       [ 0.24853406]]), array([[-2.51283569],
       [ 2.27886342],
       [ 0.19685418]]), array([[-2.57694464],
       [ 2.25314461],
       [ 0.05077307]]), array([[-2.60951413],
       [ 2.2382986 ],
       [-0.11309212]]), array([[-2.74894014],
       [ 2.02030847],
       [-0.31851029]]), array([[-2.68355812],
       [ 1.90789581],
       [-0.4654505 ]]), array([[-2.7135012 ],
       [ 1.81724673],
       [-0.50615759]]), array([[-2.72443985],
       [ 1.70602057],
       [-0.57989715]]), array([[-2.57419056],
       [ 1.60118493],
       [-0.54268733]]), array([[-2.46385609],
       [ 1.55277136],
       [-0.41346348]]), array([[-2.26919571],
       [ 1.5506853 ],
       [-0.28525075]]), array([[-2.15521308],
       [ 1.51351752],
       [-0.2432772 ]]), array([[-2.10143133],
       [ 1.49256369],
       [-0.20050722]]), array([[-1.98812658],
       [ 1.54540891],
       [-0.05478059]]), array([[-1.88576106],
       [ 1.58339845],
       [ 0.08284037]]), array([[-1.86642415],
       [ 1.57978997],
       [ 0.14319074]]), array([[-1.90473932],
       [ 1.61771719],
       [ 0.23698667]]), array([[-1.87010623],
       [ 1.81783738],
       [ 0.39330296]]), array([[-1.88347903],
       [ 1.94979638],
       [ 0.50564438]]), array([[-1.99080546],
       [ 2.15881771],
       [ 0.58123358]]), array([[-1.96471267],
       [ 2.36777962],
       [ 0.55482435]]), array([[-2.20752523],
       [ 2.35014937],
       [ 0.48224055]]), array([[-2.44468893],
       [ 2.26764947],
       [ 0.36335936]]), array([[-2.43402661],
       [ 2.26293391],
       [ 0.26681656]]), array([[-2.54610016],
       [ 2.22472624],
       [ 0.08331945]]), array([[-2.48344923],
       [ 2.29963927],
       [-0.11075462]]), array([[-2.48847688],
       [ 2.19939355],
       [-0.05634157]]), array([[-2.36434168],
       [ 2.08673263],
       [ 0.15156196]]), array([[-2.41980888],
       [ 2.01208562],
       [ 0.04244867]]), array([[-2.46048563],
       [ 1.95738675],
       [-0.06992031]]), array([[-2.30384168],
       [ 1.91985842],
       [-0.19208648]]), array([[-2.13308571],
       [ 1.86176541],
       [-0.23961827]]), array([[-2.12044673],
       [ 1.84422093],
       [-0.20323107]]), array([[-2.09556497],
       [ 1.77790975],
       [-0.13344789]]), array([[-2.08555946],
       [ 1.73583788],
       [-0.03712284]]), array([[-2.06973454],
       [ 1.71612034],
       [ 0.03958067]]), array([[-2.08781358],
       [ 1.78257057],
       [ 0.07322257]]), array([[-2.06802627],
       [ 1.87449559],
       [ 0.14515804]]), array([[-2.03671477],
       [ 1.91375088],
       [ 0.22167152]]), array([[-2.00523454],
       [ 2.06281981],
       [ 0.23581922]]), array([[-2.13852651],
       [ 2.18959145],
       [ 0.01415846]]), array([[-2.22131302],
       [ 2.20484124],
       [-0.08496374]]), array([[-2.23725091],
       [ 2.12907569],
       [-0.19776738]]), array([[-2.29941163],
       [ 2.01446311],
       [-0.23829876]]), array([[-2.36812416],
       [ 1.88405293],
       [-0.44067568]]), array([[-2.39577111],
       [ 1.84798677],
       [-0.62348115]]), array([[-2.33552473],
       [ 1.79200946],
       [-0.45112205]]), array([[-2.31830235],
       [ 1.67617335],
       [-0.41866606]]), array([[-2.3397491 ],
       [ 1.63515954],
       [-0.37184549]]), array([[-2.32214883],
       [ 1.65113345],
       [-0.35825883]]), array([[-2.26670071],
       [ 1.66172949],
       [-0.20231268]]), array([[-2.22382533],
       [ 1.7271425 ],
       [-0.15201749]]), array([[-2.14983718],
       [ 1.7693651 ],
       [-0.08780852]]), array([[-2.09694707],
       [ 1.87261781],
       [ 0.0052952 ]]), array([[-2.1159548 ],
       [ 2.06861661],
       [ 0.0468418 ]]), array([[-2.00391765],
       [ 2.1919353 ],
       [ 0.13491599]]), array([[-1.85085251],
       [ 2.3301947 ],
       [ 0.26165046]]), array([[-1.84222034],
       [ 2.46568809],
       [ 0.32630702]]), array([[-1.8769979 ],
       [ 2.49650356],
       [ 0.39153775]]), array([[-1.92332572],
       [ 2.48835374],
       [ 0.37344265]]), array([[-2.06415774],
       [ 2.4966611 ],
       [ 0.23452183]]), array([[-2.14360583],
       [ 2.50074612],
       [ 0.12494252]]), array([[-2.36808869],
       [ 2.43167651],
       [-0.00198387]]), array([[-2.36996841],
       [ 2.40839985],
       [-0.03967192]]), array([[-2.45750211],
       [ 2.25064821],
       [-0.19387985]]), array([[-2.4603764 ],
       [ 2.06136643],
       [-0.27545344]]), array([[-2.44431439],
       [ 1.98528826],
       [-0.36862374]]), array([[-2.510903  ],
       [ 1.92466582],
       [-0.37340252]]), array([[-2.57370798],
       [ 1.81387838],
       [-0.52361592]]), array([[-2.5186109 ],
       [ 1.6449308 ],
       [-0.57612196]]), array([[-2.45778227],
       [ 1.56525425],
       [-0.50557517]]), array([[-2.46843325],
       [ 1.52560902],
       [-0.42418138]]), array([[-2.49478125],
       [ 1.45730351],
       [-0.37186692]]), array([[-2.44700734],
       [ 1.48700689],
       [-0.35563567]]), array([[-2.44325699],
       [ 1.49776558],
       [-0.38339132]]), array([[-2.42532025],
       [ 1.52099279],
       [-0.38145145]]), array([[-2.40515081],
       [ 1.54261603],
       [-0.31695832]]), array([[-2.36843528],
       [ 1.55104246],
       [-0.27524264]]), array([[-2.17976051],
       [ 1.59109711],
       [-0.00702637]]), array([[-2.09720281],
       [ 1.66928767],
       [ 0.0571567 ]]), array([[-1.96229204],
       [ 2.07435863],
       [ 0.23958815]]), array([[-2.18888046],
       [ 2.29850415],
       [ 0.36797118]]), array([[ 2.18933781],
       [-1.71120346],
       [-0.36063985]]), array([[ 2.21402225],
       [-1.51921301],
       [-0.38984789]]), array([[ 2.2753731 ],
       [-1.38394001],
       [-0.45297822]]), array([[ 2.27886643],
       [-1.38755681],
       [-0.43975856]]), array([[ 2.42108647],
       [-1.86098494],
       [-0.72699678]]), array([[-1.81312297],
       [ 2.32331155],
       [ 0.67353638]]), array([[-1.51405853],
       [ 2.41053381],
       [ 0.80275174]]), array([[-1.50383207],
       [ 2.45532068],
       [ 0.88409525]]), array([[-1.5736028 ],
       [ 2.3867756 ],
       [ 0.75222958]]), array([[-1.80313852],
       [ 2.16859996],
       [ 0.29437867]]), array([[-1.59046378],
       [ 2.09039012],
       [-0.0792585 ]]), array([[-1.3394151 ],
       [ 1.91247882],
       [-0.51628403]]), array([[-1.21357369],
       [ 1.81888438],
       [-0.51589966]]), array([[-1.18975479],
       [ 1.81378944],
       [-0.50076898]]), array([[-1.18915497],
       [ 1.89408384],
       [-0.37301895]]), array([[-1.67070043],
       [ 2.12943006],
       [-0.0725464 ]]), array([[-2.27332218],
       [ 2.10665596],
       [-0.49701553]]), array([[ 2.21990796],
       [-1.5520753 ],
       [ 0.83418119]]), array([[ 2.21388609],
       [-1.44588298],
       [ 0.89520778]]), array([[ 2.25198005],
       [-1.48872607],
       [ 0.86636599]]), array([[ 2.4207304 ],
       [-1.78556036],
       [ 0.41529115]]), array([[-2.08450392],
       [ 2.16812144],
       [ 0.2343338 ]]), array([[-2.08839914],
       [ 2.26999918],
       [ 0.49777675]]), array([[ 1.87498105],
       [-2.1855546 ],
       [-0.80798166]]), array([[ 1.78841913],
       [-2.04370882],
       [-0.83644019]]), array([[ 1.87571899],
       [-2.01213232],
       [-0.82425734]]), array([[ 2.0023074 ],
       [-1.96175752],
       [-0.76879268]]), array([[-2.0530837 ],
       [ 2.18977099],
       [ 0.21055109]]), array([[-1.75441409],
       [ 2.2023023 ],
       [-0.42508027]]), array([[-1.37571562],
       [ 1.78774654],
       [-0.81869126]]), array([[-1.4240098 ],
       [ 1.67073089],
       [-0.73611997]]), array([[-1.41261238],
       [ 1.68216801],
       [-0.73547149]]), array([[-1.49704157],
       [ 2.0713732 ],
       [-0.46542754]]), array([[-1.73730393],
       [ 2.13339137],
       [ 0.0275968 ]]), array([[-1.49549346],
       [ 2.11731244],
       [ 0.54410121]]), array([[-1.2988638 ],
       [ 2.07773837],
       [ 0.6976639 ]]), array([[-1.26138693],
       [ 2.12219846],
       [ 0.72926513]]), array([[-1.70980525],
       [ 2.17458834],
       [ 0.1318206 ]]), array([[-1.48768076],
       [ 1.95838579],
       [-0.58961752]]), array([[-1.24251396],
       [ 1.65476317],
       [-0.97436795]]), array([[-1.25809826],
       [ 1.59981903],
       [-0.94084194]]), array([[-1.34052317],
       [ 1.68353458],
       [-0.97893831]]), array([[-1.83948202],
       [ 1.95623234],
       [-1.03447366]]), array([[ 2.17999404],
       [-1.64801723],
       [ 0.75065642]]), array([[ 2.25759572],
       [-0.86743633],
       [ 0.62847045]]), array([[ 2.28319291],
       [-0.77837711],
       [ 0.56721156]]), array([[ 2.41861204],
       [-0.91427224],
       [ 0.30393671]]), array([[ 2.49297852],
       [-0.96745886],
       [ 0.16754817]]), array([[ 2.46532383],
       [-1.07429259],
       [ 0.15911409]]), array([[ 2.45019013],
       [-1.04254458],
       [ 0.20747506]]), array([[ 2.59969319],
       [-1.0763445 ],
       [ 0.03408005]]), array([[ 2.59475533],
       [-2.00654131],
       [ 0.0385678 ]]), array([[-1.74793371],
       [ 2.23305205],
       [ 0.39506799]]), array([[-1.26164067],
       [ 2.48718404],
       [ 0.59623646]]), array([[-1.13959636],
       [ 2.48176168],
       [ 0.73287653]]), array([[-1.03502906],
       [ 2.54846991],
       [ 0.88467948]]), array([[-0.8013328 ],
       [ 2.62378053],
       [ 1.04707358]]), array([[-0.83257729],
       [ 2.61181478],
       [ 1.06086751]]), array([[-0.84294671],
       [ 2.62238958],
       [ 1.08303377]]), array([[-1.12670001],
       [ 2.58757051],
       [ 0.92356486]]), array([[-1.65756545],
       [ 2.24382612],
       [ 0.5309346 ]]), array([[-2.03660996],
       [ 2.11455696],
       [-0.07030927]]), array([[-1.9067396 ],
       [ 1.95685829],
       [-0.72951839]]), array([[-1.80168878],
       [ 1.74064275],
       [-1.14435464]]), array([[-1.81382522],
       [ 1.70971193],
       [-1.11230388]]), array([[-1.77567664],
       [ 1.69914867],
       [-1.15805346]]), array([[-1.77756939],
       [ 1.70887481],
       [-1.16041664]]), array([[-1.77357851],
       [ 1.71314333],
       [-1.15752844]]), array([[-1.78181396],
       [ 1.69384416],
       [-1.15654957]]), array([[-1.73478081],
       [ 1.66951928],
       [-1.04129402]]), array([[-1.71800714],
       [ 1.64838519],
       [-0.85561854]]), array([[-1.5141561 ],
       [ 1.62888669],
       [-0.57427496]]), array([[-1.38518608],
       [ 1.56910361],
       [-0.46996934]]), array([[-1.19943533],
       [ 1.48468103],
       [-0.40978997]]), array([[-1.15742418],
       [ 1.47899923],
       [-0.37577437]]), array([[-1.13520354],
       [ 1.48855038],
       [-0.44483021]]), array([[-1.15728007],
       [ 1.52598585],
       [-0.52175232]]), array([[-1.25001989],
       [ 1.5757415 ],
       [-0.81097602]]), array([[-1.61226066],
       [ 1.67886427],
       [-0.97028107]]), array([[-1.81993121],
       [ 1.71392227],
       [-1.42578041]]), array([[-1.91395399],
       [ 1.73705725],
       [-1.50349536]]), array([[-1.97969122],
       [ 1.66374826],
       [-1.69414545]]), array([[ 1.9305466 ],
       [-1.68941089],
       [ 1.92469994]]), array([[ 1.85872491],
       [-1.62762058],
       [ 1.92546658]]), array([[ 1.83940543],
       [-1.69650858],
       [ 1.93212529]]), array([[ 1.84702967],
       [-1.71386715],
       [ 1.92490526]]), array([[ 1.90573047],
       [-1.76981548],
       [ 1.87415133]]), array([[-1.85698812],
       [ 1.72612126],
       [-1.4483757 ]]), array([[-2.01812216],
       [ 1.87566359],
       [-0.98747841]]), array([[ 2.28993861],
       [-2.13207445],
       [ 0.86217545]]), array([[ 2.3009153 ],
       [-1.90084796],
       [ 0.6295086 ]]), array([[ 2.46071049],
       [-1.91097463],
       [ 0.24291176]]), array([[-2.36744963],
       [ 1.91457629],
       [-0.06956579]]), array([[-1.93279589],
       [ 1.57905827],
       [ 0.70739876]]), array([[-1.87047276],
       [ 1.66282968],
       [ 0.63419558]]), array([[-1.88453573],
       [ 2.01725243],
       [ 0.63678677]]), array([[-1.70628549],
       [ 2.28258979],
       [ 0.75680068]]), array([[-1.56463987],
       [ 2.43940111],
       [ 0.87431466]]), array([[-1.79683342],
       [ 2.46051526],
       [ 0.89553432]]), array([[-2.23673258],
       [ 2.32336182],
       [ 0.65366956]]), array([[-2.62242625],
       [ 2.1460854 ],
       [ 0.20542853]]), array([[-2.60168893],
       [ 1.87245147],
       [-0.63727377]]), array([[ 2.13209659],
       [-1.78450283],
       [ 1.15428718]]), array([[ 2.20885641],
       [-1.69790124],
       [ 1.16105254]]), array([[ 2.14219181],
       [-1.56770581],
       [ 1.18338709]]), array([[ 2.15705353],
       [-1.5140532 ],
       [ 1.26998206]]), array([[ 2.13977469],
       [-1.41940522],
       [ 1.2747217 ]]), array([[ 2.15449631],
       [-1.44758527],
       [ 1.26244941]]), array([[ 2.14851928],
       [-1.59056197],
       [ 1.25700977]]), array([[ 2.37773322],
       [-1.84098386],
       [ 0.90027244]]), array([[ 2.62592632],
       [-1.72646098],
       [ 0.21080942]]), array([[ 2.77317763],
       [-1.35969538],
       [-0.22852379]]), array([[ 2.85677419],
       [-1.20737353],
       [-0.31992298]]), array([[ 2.73852352],
       [-1.33480043],
       [-0.23929856]]), array([[ 2.5715256 ],
       [-1.43865592],
       [-0.36343901]]), array([[ 2.59339225],
       [-1.39456998],
       [-0.29779762]]), array([[ 2.65604544],
       [-1.45495669],
       [-0.30994866]]), array([[ 2.67874782],
       [-1.50732228],
       [-0.24768699]]), array([[ 2.72787575],
       [-1.46740828],
       [-0.25270086]]), array([[ 2.75889684],
       [-1.75672854],
       [-0.23031903]]), array([[-2.05022482],
       [ 1.82141599],
       [ 0.05986626]]), array([[-1.67830035],
       [ 1.90759284],
       [-0.1108536 ]]), array([[-1.65067392],
       [ 1.98411885],
       [-0.36213442]]), array([[-1.67731502],
       [ 2.14115911],
       [-0.50962152]]), array([[-1.82198821],
       [ 2.10541431],
       [-0.35174565]]), array([[-1.87016895],
       [ 2.09387758],
       [-0.201622  ]]), array([[-2.01638761],
       [ 1.92370762],
       [-0.11285068]]), array([[-1.9636211 ],
       [ 1.83669377],
       [-0.10191523]]), array([[-2.02344396],
       [ 1.91726521],
       [-0.05114529]]), array([[-2.08937873],
       [ 1.9869923 ],
       [-0.02936623]]), array([[-2.08725599],
       [ 2.00775758],
       [-0.03067486]]), array([[-2.10195944],
       [ 1.96537803],
       [-0.01304432]]), array([[-2.10563194],
       [ 1.96231511],
       [-0.00272825]]), array([[-2.1353662 ],
       [ 1.9445243 ],
       [-0.01414971]]), array([[-2.19383088],
       [ 1.92247518],
       [-0.00368447]]), array([[-2.15131756],
       [ 1.90904435],
       [-0.01089826]])]
tvecs : 

[array([[-0.41988883],
       [ 0.27460607],
       [ 1.12869587]]), array([[-0.42636552],
       [ 0.28149154],
       [ 1.12520961]]), array([[-0.4183581],
       [ 0.28423  ],
       [ 1.1297758]]), array([[-0.38782838],
       [ 0.3104631 ],
       [ 1.12806728]]), array([[-0.25308201],
       [ 0.3377637 ],
       [ 1.12853289]]), array([[-0.60335154],
       [ 0.44309031],
       [ 0.88562522]]), array([[-0.86481162],
       [ 0.46138992],
       [ 0.75157467]]), array([[-0.88026144],
       [ 0.45105304],
       [ 0.99652505]]), array([[-0.69025052],
       [ 0.579467  ],
       [ 1.28208705]]), array([[-0.65280693],
       [ 0.53017851],
       [ 1.45206131]]), array([[-0.4136734 ],
       [ 0.54870572],
       [ 1.68762536]]), array([[-0.57903211],
       [ 0.42250908],
       [ 1.74861334]]), array([[-0.60328504],
       [ 0.47647121],
       [ 1.73308264]]), array([[-0.58857688],
       [ 0.47811318],
       [ 1.68709704]]), array([[-0.65285559],
       [ 0.71872765],
       [ 1.44809661]]), array([[-0.76769559],
       [ 0.83408455],
       [ 1.10001493]]), array([[-0.86890156],
       [ 0.84856296],
       [ 0.58382401]]), array([[-0.77371321],
       [ 0.65200117],
       [ 0.49532681]]), array([[-0.62636299],
       [ 0.66257867],
       [ 0.33025624]]), array([[-0.47618278],
       [ 0.62206672],
       [ 0.38214815]]), array([[-0.43933641],
       [ 0.5513562 ],
       [ 0.43584211]]), array([[-0.4211174 ],
       [ 0.53441809],
       [ 0.46879491]]), array([[-0.23764954],
       [ 0.53295522],
       [ 0.65868893]]), array([[-0.17493141],
       [ 0.46861705],
       [ 0.85706648]]), array([[-0.19219009],
       [ 0.54286477],
       [ 0.95581771]]), array([[-0.18983148],
       [ 0.57745038],
       [ 0.9845426 ]]), array([[-0.17876161],
       [ 0.60315172],
       [ 0.98066501]]), array([[-0.18983253],
       [ 0.6079916 ],
       [ 0.96875636]]), array([[-0.16341644],
       [ 0.61301372],
       [ 0.96536485]]), array([[-0.01580455],
       [ 0.66157118],
       [ 0.95679005]]), array([[ 0.00338311],
       [ 0.67471946],
       [ 0.93076698]]), array([[-0.30475284],
       [ 0.40564108],
       [ 0.92937112]]), array([[-0.49020059],
       [ 0.18840047],
       [ 0.81081097]]), array([[-0.50379528],
       [ 0.1928649 ],
       [ 0.7758218 ]]), array([[-0.55273664],
       [ 0.23517972],
       [ 0.73709149]]), array([[-0.56236953],
       [ 0.2252865 ],
       [ 0.73456029]]), array([[-0.55158969],
       [ 0.2206419 ],
       [ 0.75167935]]), array([[-0.47019733],
       [ 0.24224489],
       [ 0.83193813]]), array([[-0.32876646],
       [ 0.44194069],
       [ 0.86647066]]), array([[-0.54662419],
       [ 0.63032041],
       [ 0.71067468]]), array([[-0.55447862],
       [ 0.69250443],
       [ 0.85721881]]), array([[-0.48442778],
       [ 0.60474839],
       [ 1.07374649]]), array([[-0.41843479],
       [ 0.60234803],
       [ 1.13788786]]), array([[-0.47697842],
       [ 0.56531972],
       [ 1.13063018]]), array([[-0.47907528],
       [ 0.57874845],
       [ 1.1228982 ]]), array([[-0.47864426],
       [ 0.57452943],
       [ 1.12456241]]), array([[-0.4457666 ],
       [ 0.60695576],
       [ 1.12170044]]), array([[-0.38804047],
       [ 0.65160491],
       [ 1.11791477]]), array([[-0.25038967],
       [ 0.66212633],
       [ 1.16782099]]), array([[-0.01232806],
       [ 0.57983699],
       [ 1.28623208]]), array([[ 0.16715067],
       [ 0.4672865 ],
       [ 1.35589422]]), array([[ 0.19285198],
       [ 0.35983948],
       [ 1.41543435]]), array([[ 0.24764159],
       [ 0.42528647],
       [ 1.40638043]]), array([[ 0.37544812],
       [ 0.34735147],
       [ 1.4001231 ]]), array([[ 0.54779752],
       [ 0.33118539],
       [ 1.36228212]]), array([[ 0.53039827],
       [ 0.31529113],
       [ 1.36847589]]), array([[ 0.52784431],
       [ 0.29935487],
       [ 1.37187144]]), array([[ 0.57290118],
       [ 0.31586568],
       [ 1.34828961]]), array([[ 0.57841459],
       [ 0.52916064],
       [ 1.27666285]]), array([[ 0.10737922],
       [ 0.63622269],
       [ 1.31276936]]), array([[-0.04915217],
       [ 0.6585301 ],
       [ 1.27192889]]), array([[-0.0761567 ],
       [ 0.75790856],
       [ 1.17326106]]), array([[-0.04483848],
       [ 0.80295527],
       [ 1.12231887]]), array([[-0.00474865],
       [ 0.65666528],
       [ 1.1994854 ]]), array([[-0.01224594],
       [ 0.17408994],
       [ 1.30760492]]), array([[ 0.09210602],
       [ 0.12086643],
       [ 1.29173102]]), array([[ 0.11766789],
       [ 0.21716937],
       [ 1.26036183]]), array([[ 0.15796248],
       [ 0.2130291 ],
       [ 1.24645822]]), array([[ 0.13941912],
       [ 0.39076333],
       [ 1.18217728]]), array([[ 0.12175557],
       [ 0.40090404],
       [ 1.17378086]]), array([[ 0.08080013],
       [ 0.47647625],
       [ 1.15414173]]), array([[ 0.07960438],
       [ 0.53338392],
       [ 1.13234024]]), array([[ 0.10085285],
       [ 0.54480179],
       [ 1.13310697]]), array([[ 0.33631377],
       [ 0.68909513],
       [ 1.0636341 ]]), array([[ 0.54872399],
       [ 0.83225735],
       [ 0.90619454]]), array([[ 0.31709339],
       [ 0.95694103],
       [ 0.79010107]]), array([[-0.06383181],
       [ 0.65297063],
       [ 0.96403657]]), array([[-0.17289502],
       [ 0.3142963 ],
       [ 1.04281887]]), array([[-0.13296018],
       [ 0.21591978],
       [ 1.07810667]]), array([[-0.1183388 ],
       [ 0.1986317 ],
       [ 1.08621576]]), array([[-0.11928692],
       [ 0.19072994],
       [ 1.08779754]]), array([[-0.10911996],
       [ 0.19232948],
       [ 1.09346424]]), array([[-0.08508399],
       [ 0.1961388 ],
       [ 1.10563744]]), array([[ 0.06631097],
       [ 0.24575047],
       [ 1.12878857]]), array([[ 0.24303155],
       [ 0.20853563],
       [ 1.14015667]]), array([[ 0.34062481],
       [ 0.23000353],
       [ 1.12204447]]), array([[ 0.41172297],
       [ 0.08334122],
       [ 1.14324689]]), array([[ 0.424566  ],
       [-0.12851278],
       [ 1.15002588]]), array([[ 0.44038723],
       [-0.23249647],
       [ 1.14100621]]), array([[ 0.45412208],
       [-0.28070762],
       [ 1.12492232]]), array([[ 0.4436205 ],
       [-0.28747519],
       [ 1.1203481 ]]), array([[ 0.45064599],
       [-0.26403876],
       [ 1.11988044]]), array([[ 0.4934814 ],
       [-0.09715491],
       [ 1.13449942]]), array([[ 0.63941673],
       [ 0.3874652 ],
       [ 1.0211713 ]]), array([[ 0.80321634],
       [ 0.32281244],
       [ 0.95071682]]), array([[ 0.83080002],
       [ 0.41884824],
       [ 0.89458935]]), array([[ 0.85910248],
       [ 0.46903728],
       [ 0.84631168]]), array([[ 0.84920293],
       [ 0.46970408],
       [ 0.85847438]]), array([[ 0.70248663],
       [ 0.45346457],
       [ 0.95453306]]), array([[ 0.6371448 ],
       [ 0.52387216],
       [ 0.96966393]]), array([[ 0.25062029],
       [ 0.55695809],
       [ 1.15241773]]), array([[-0.13600877],
       [ 0.38836486],
       [ 1.25298075]]), array([[-0.19389038],
       [ 0.29823358],
       [ 1.27148671]]), array([[-0.1589285 ],
       [ 0.26368405],
       [ 1.28631792]]), array([[-0.13735059],
       [ 0.22134208],
       [ 1.28752731]]), array([[-0.12293741],
       [ 0.25345239],
       [ 1.28390812]]), array([[-0.10853409],
       [ 0.26765008],
       [ 1.27771641]]), array([[-0.09278274],
       [ 0.27462849],
       [ 1.27408152]]), array([[-0.06944783],
       [ 0.22327826],
       [ 1.29478419]]), array([[ 0.03591915],
       [-0.02228184],
       [ 1.31109057]]), array([[ 0.11189646],
       [-0.38455828],
       [ 1.24201302]]), array([[ 0.19509044],
       [-0.53958609],
       [ 1.19951454]]), array([[ 0.39628662],
       [-0.36312469],
       [ 1.26355616]]), array([[ 0.79757697],
       [-0.27330772],
       [ 1.16537109]]), array([[ 1.01227974],
       [-0.27164717],
       [ 1.05379218]]), array([[ 1.00201557],
       [-0.29224532],
       [ 1.05989241]]), array([[ 0.98094813],
       [-0.2925052 ],
       [ 1.0707393 ]]), array([[ 0.97830891],
       [-0.28619321],
       [ 1.07112988]]), array([[ 0.99098629],
       [-0.23877967],
       [ 1.07051922]]), array([[ 1.08686955],
       [ 0.09957313],
       [ 0.98722241]]), array([[ 1.03072552],
       [ 0.44518297],
       [ 0.87665086]]), array([[ 0.99403174],
       [ 0.50315102],
       [ 0.86268773]]), array([[ 0.97774252],
       [ 0.50180684],
       [ 0.87238983]]), array([[ 0.92900381],
       [ 0.62786993],
       [ 0.82892688]]), array([[ 0.83197909],
       [ 0.81614615],
       [ 0.75908377]]), array([[ 0.5810209 ],
       [ 0.9630163 ],
       [ 0.77345495]]), array([[ 0.2086216 ],
       [ 0.93835853],
       [ 0.89383687]]), array([[-0.03974958],
       [ 0.77850822],
       [ 0.95255876]]), array([[-0.03396747],
       [ 0.84277531],
       [ 0.88582384]]), array([[-0.03581846],
       [ 0.86335593],
       [ 0.86057816]]), array([[-0.04818327],
       [ 0.8734073 ],
       [ 0.84465123]]), array([[-0.05047606],
       [ 0.88901635],
       [ 0.82873653]]), array([[-0.10508442],
       [ 0.90529423],
       [ 0.78082573]]), array([[-0.48127096],
       [ 0.76344749],
       [ 0.70751151]]), array([[-0.6459535 ],
       [ 0.42785222],
       [ 0.84124993]]), array([[-0.46763517],
       [ 0.24436875],
       [ 1.04261931]]), array([[-0.44893512],
       [ 0.14455562],
       [ 1.07637987]]), array([[-0.42734789],
       [ 0.12703419],
       [ 1.09113128]]), array([[-0.4196386 ],
       [ 0.12675374],
       [ 1.09492946]]), array([[-0.41552581],
       [ 0.12870569],
       [ 1.09662916]]), array([[-0.40750702],
       [ 0.13218775],
       [ 1.09899562]]), array([[-0.3991106 ],
       [ 0.132156  ],
       [ 1.10186503]]), array([[-0.19170344],
       [ 0.07046189],
       [ 1.16820717]]), array([[ 0.15887541],
       [ 0.01165332],
       [ 1.18190877]]), array([[ 0.51284174],
       [ 0.24710839],
       [ 1.06849262]]), array([[ 0.61600469],
       [ 0.57302519],
       [ 0.84799519]]), array([[ 0.52714034],
       [ 0.72287482],
       [ 0.74297021]]), array([[ 0.40522198],
       [ 0.73908168],
       [ 0.76213157]]), array([[ 0.38557049],
       [ 0.59676096],
       [ 0.87990926]]), array([[ 0.37540011],
       [ 0.55103806],
       [ 0.91825189]]), array([[ 0.35883868],
       [ 0.55285393],
       [ 0.92516148]]), array([[ 0.34006204],
       [ 0.56643511],
       [ 0.92514353]]), array([[ 0.3122345 ],
       [ 0.60911367],
       [ 0.90593029]]), array([[ 0.2719917 ],
       [ 0.65153921],
       [ 0.8699497 ]]), array([[ 0.30216607],
       [ 0.67505952],
       [ 0.79500135]]), array([[ 0.34170601],
       [ 0.72503218],
       [ 0.61558402]]), array([[ 0.26494082],
       [ 0.74362838],
       [ 0.47485944]]), array([[ 0.34081081],
       [ 0.68680711],
       [ 0.3781255 ]]), array([[ 0.34221718],
       [ 0.64910742],
       [ 0.30944954]]), array([[ 0.27040572],
       [ 0.64611101],
       [ 0.33589825]]), array([[ 0.27572977],
       [ 0.63633296],
       [ 0.3466126 ]]), array([[ 0.24359848],
       [ 0.63044133],
       [ 0.35245765]]), array([[ 0.08063639],
       [ 0.66110261],
       [ 0.31532996]]), array([[-0.07705662],
       [ 0.55866557],
       [ 0.42016083]]), array([[-0.06704363],
       [ 0.5573615 ],
       [ 0.43586536]]), array([[-0.05781069],
       [ 0.56056017],
       [ 0.44262575]]), array([[-0.09720884],
       [ 0.43760853],
       [ 0.53835653]]), array([[-0.07780832],
       [ 0.2982665 ],
       [ 0.62392046]]), array([[-0.01358105],
       [ 0.25918017],
       [ 0.66092477]]), array([[ 0.03523401],
       [ 0.42544487],
       [ 0.59409086]]), array([[ 0.00692289],
       [ 0.63931437],
       [ 0.39773134]]), array([[-0.05399965],
       [ 0.70872588],
       [ 0.25341352]]), array([[-0.05595534],
       [ 0.69728216],
       [ 0.28813027]]), array([[-0.04813841],
       [ 0.63949299],
       [ 0.38957767]]), array([[-0.03991832],
       [ 0.62344968],
       [ 0.42066079]]), array([[-0.05015072],
       [ 0.59686168],
       [ 0.44588135]]), array([[-0.05920032],
       [ 0.44937182],
       [ 0.55583184]]), array([[ 0.04112271],
       [ 0.31703191],
       [ 0.64135144]]), array([[ 0.09301559],
       [ 0.26794964],
       [ 0.65948952]]), array([[ 0.10939272],
       [ 0.23503749],
       [ 0.66473357]]), array([[ 0.11384089],
       [ 0.23685533],
       [ 0.66195285]]), array([[ 0.13498224],
       [ 0.24647729],
       [ 0.66376759]]), array([[ 0.21503136],
       [ 0.23731564],
       [ 0.66605999]]), array([[ 0.36704216],
       [ 0.21334506],
       [ 0.64411807]]), array([[ 0.44693308],
       [ 0.29040464],
       [ 0.58500056]]), array([[ 0.46579559],
       [ 0.33999905],
       [ 0.54906834]]), array([[ 0.46554347],
       [ 0.35827368],
       [ 0.53765522]]), array([[ 0.45309535],
       [ 0.41669803],
       [ 0.51223505]]), array([[ 0.44691986],
       [ 0.43896785],
       [ 0.50779129]]), array([[ 0.43571669],
       [ 0.44879591],
       [ 0.51074122]]), array([[ 0.44093847],
       [ 0.45426131],
       [ 0.50611449]]), array([[ 0.42753706],
       [ 0.46784025],
       [ 0.5065392 ]]), array([[ 0.41531462],
       [ 0.47389856],
       [ 0.51261963]]), array([[ 0.3807572 ],
       [ 0.49013934],
       [ 0.52219758]]), array([[ 0.35867955],
       [ 0.50438989],
       [ 0.52224491]]), array([[ 0.33311609],
       [ 0.5386739 ],
       [ 0.51035163]]), array([[ 0.2838176 ],
       [ 0.59766516],
       [ 0.46701223]]), array([[ 0.16288523],
       [ 0.66591658],
       [ 0.40680827]]), array([[ 0.16874828],
       [ 0.67587801],
       [ 0.39712206]]), array([[ 0.0688264 ],
       [ 0.65634616],
       [ 0.4386139 ]]), array([[-0.00724946],
       [ 0.46488181],
       [ 0.60464396]]), array([[-0.05187371],
       [ 0.35767676],
       [ 0.65177881]]), array([[-0.03561798],
       [ 0.32094157],
       [ 0.66850707]]), array([[ 0.00446598],
       [ 0.3369915 ],
       [ 0.66930753]]), array([[ 0.01227472],
       [ 0.31950894],
       [ 0.68061453]]), array([[ 0.09505739],
       [ 0.15926788],
       [ 0.7338329 ]]), array([[ 0.311707  ],
       [ 0.13492115],
       [ 0.70150375]]), array([[ 0.43633057],
       [ 0.21015452],
       [ 0.6519407 ]]), array([[ 0.56883555],
       [ 0.18938847],
       [ 0.60268877]]), array([[ 0.60408672],
       [ 0.20958429],
       [ 0.58310609]]), array([[ 0.58379454],
       [ 0.36687136],
       [ 0.52604015]]), array([[ 0.56862846],
       [ 0.4429676 ],
       [ 0.48295561]]), array([[ 0.5563912 ],
       [ 0.48125379],
       [ 0.46309541]]), array([[ 0.43310618],
       [ 0.5562787 ],
       [ 0.47518769]]), array([[ 0.35527565],
       [ 0.62363427],
       [ 0.45579049]]), array([[ 0.2644307 ],
       [ 0.56967441],
       [ 0.55848054]]), array([[ 0.07520329],
       [ 0.49034284],
       [ 0.62998225]]), array([[ 0.07437416],
       [ 0.50359338],
       [ 0.61865174]]), array([[ 0.03593645],
       [ 0.50711967],
       [ 0.61112981]]), array([[-0.02045895],
       [ 0.48188382],
       [ 0.61510376]]), array([[-0.03133201],
       [ 0.44472957],
       [ 0.62909673]]), array([[-0.02620469],
       [ 0.40163384],
       [ 0.65224454]]), array([[-0.03278723],
       [ 0.20031866],
       [ 0.72354434]]), array([[ 0.06181477],
       [ 0.08924885],
       [ 0.75884184]]), array([[ 0.16551581],
       [-0.02039508],
       [ 0.768004  ]]), array([[ 0.20509827],
       [-0.08232492],
       [ 0.75516343]]), array([[ 0.29099536],
       [-0.08759209],
       [ 0.7462092 ]]), array([[ 0.3092014 ],
       [-0.07374117],
       [ 0.74978349]]), array([[ 0.4334453 ],
       [-0.11447333],
       [ 0.70270528]]), array([[ 0.56456137],
       [ 0.27263217],
       [ 0.62681339]]), array([[ 0.49923479],
       [ 0.54132573],
       [ 0.61265908]]), array([[ 0.49072135],
       [ 0.57448014],
       [ 0.68772333]]), array([[ 0.50310449],
       [ 0.52309714],
       [ 0.76404289]]), array([[ 0.49397441],
       [ 0.4224622 ],
       [ 0.84147209]]), array([[ 0.51728559],
       [ 0.49322883],
       [ 0.79790664]]), array([[ 0.49137341],
       [ 0.69988659],
       [ 0.65568808]]), array([[ 0.15723704],
       [ 0.83326094],
       [ 0.64053178]]), array([[-0.21041113],
       [ 0.80855193],
       [ 0.61604991]]), array([[-0.1109864 ],
       [ 0.60239908],
       [ 0.85040845]]), array([[-0.06708103],
       [ 0.22412864],
       [ 1.02422595]]), array([[ 0.12490328],
       [ 0.04911132],
       [ 1.04952218]]), array([[ 0.11289067],
       [ 0.0446927 ],
       [ 1.04693351]]), array([[ 0.12225892],
       [ 0.06426317],
       [ 1.04775815]]), array([[ 0.17355362],
       [ 0.0372567 ],
       [ 1.0476192 ]]), array([[ 0.40516639],
       [-0.09186863],
       [ 1.00201835]]), array([[ 0.55683377],
       [ 0.25115414],
       [ 0.9247936 ]]), array([[ 0.48450783],
       [ 0.56580674],
       [ 0.82695705]]), array([[ 0.42112105],
       [ 0.69907503],
       [ 0.74790754]]), array([[ 0.351462  ],
       [ 0.70503536],
       [ 0.76983434]]), array([[ 0.32554155],
       [ 0.70225549],
       [ 0.79284306]]), array([[ 0.05159382],
       [ 0.84462815],
       [ 0.69819992]]), array([[-0.13569034],
       [ 0.85578522],
       [ 0.64467802]]), array([[-0.11064314],
       [ 0.77430522],
       [ 0.74961878]]), array([[ 0.04466471],
       [ 0.36177185],
       [ 1.0229143 ]]), array([[ 0.13539245],
       [ 0.02116817],
       [ 1.09305954]]), array([[ 0.20522604],
       [-0.13448538],
       [ 1.09011627]]), array([[ 0.32858645],
       [ 0.14618892],
       [ 1.09167613]]), array([[ 0.30188559],
       [ 0.30538274],
       [ 1.06758528]]), array([[ 0.30868747],
       [ 0.0022881 ],
       [ 1.09558287]]), array([[ 0.39003991],
       [ 0.09419612],
       [ 1.06858342]]), array([[ 0.51620147],
       [-0.0125001 ],
       [ 1.03258234]]), array([[ 0.5812335 ],
       [-0.0229544 ],
       [ 1.01207723]]), array([[ 0.65391533],
       [-0.14653338],
       [ 0.97345298]]), array([[ 0.66305787],
       [-0.21745186],
       [ 0.95851921]]), array([[ 0.653021  ],
       [-0.24301286],
       [ 0.95550707]]), array([[ 0.64216437],
       [-0.24146159],
       [ 0.95734569]]), array([[ 0.63443765],
       [-0.22778085],
       [ 0.96085872]]), array([[ 0.62878872],
       [-0.15241792],
       [ 0.98081515]]), array([[ 0.45606438],
       [ 0.35087196],
       [ 1.03355954]]), array([[ 0.23170807],
       [ 0.51828801],
       [ 1.02118213]]), array([[-0.08930475],
       [ 0.5801418 ],
       [ 0.9694246 ]]), array([[-0.33665238],
       [ 0.5245558 ],
       [ 0.9049    ]]), array([[-0.40239893],
       [ 0.47635744],
       [ 0.90159663]]), array([[-0.38354436],
       [ 0.44846535],
       [ 0.92519227]]), array([[-0.37849424],
       [ 0.44805883],
       [ 0.92786814]]), array([[-0.36589601],
       [ 0.43414218],
       [ 0.94527289]]), array([[-0.37633827],
       [ 0.40815697],
       [ 0.95937568]]), array([[-0.4425651 ],
       [ 0.37031949],
       [ 0.95997639]]), array([[-0.42850508],
       [ 0.29648383],
       [ 1.00511774]]), array([[-0.32296606],
       [ 0.25457713],
       [ 1.09269519]]), array([[-0.1730211 ],
       [ 0.18227956],
       [ 1.19848995]]), array([[ 0.00355424],
       [-0.08531107],
       [ 1.28189027]]), array([[ 0.14051761],
       [-0.27604455],
       [ 1.28125213]]), array([[ 0.39567882],
       [-0.13102776],
       [ 1.27515998]]), array([[ 0.62325432],
       [-0.11952545],
       [ 1.21047587]]), array([[ 0.66488551],
       [-0.48366613],
       [ 1.10707357]]), array([[ 0.67759863],
       [-0.48491404],
       [ 1.10365585]]), array([[ 0.71486664],
       [-0.0497137 ],
       [ 1.19635933]]), array([[ 0.73430677],
       [ 0.07519937],
       [ 1.18632615]]), array([[ 0.72607488],
       [ 0.07851798],
       [ 1.18475979]]), array([[ 0.71807524],
       [ 0.07706391],
       [ 1.18424368]]), array([[ 0.72339787],
       [ 0.06637043],
       [ 1.1794307 ]]), array([[ 0.72871478],
       [ 0.06542773],
       [ 1.17568407]]), array([[ 0.74675519],
       [ 0.08782333],
       [ 1.16020829]]), array([[ 0.86162992],
       [ 0.1104519 ],
       [ 1.09031759]]), array([[ 1.07071259],
       [ 0.12790754],
       [ 0.92470737]]), array([[ 1.17492149],
       [ 0.23601815],
       [ 0.78764839]]), array([[ 0.81981891],
       [ 0.70990379],
       [ 0.88596003]]), array([[ 0.74063434],
       [ 0.77746697],
       [ 0.87736889]]), array([[ 0.70002445],
       [ 0.82881947],
       [ 0.85291037]]), array([[ 0.68877897],
       [ 0.84341137],
       [ 0.85361077]]), array([[ 0.40927063],
       [ 0.97655147],
       [ 0.88398112]]), array([[ 0.10970284],
       [ 0.84571636],
       [ 1.05749974]]), array([[-0.11664956],
       [ 0.82088999],
       [ 1.04337108]]), array([[-0.26133301],
       [ 0.89751314],
       [ 0.92368081]]), array([[-0.42341239],
       [ 0.86703748],
       [ 0.87011219]]), array([[-0.44801798],
       [ 0.86182888],
       [ 0.86729976]]), array([[-0.45203915],
       [ 0.85539681],
       [ 0.87538053]]), array([[-0.44931263],
       [ 0.8546183 ],
       [ 0.87920777]]), array([[-0.45587387],
       [ 0.85083014],
       [ 0.876918  ]]), array([[-0.48427974],
       [ 0.82196402],
       [ 0.8839453 ]]), array([[-0.504438  ],
       [ 0.63224169],
       [ 1.00836323]]), array([[-0.50443792],
       [ 0.3637341 ],
       [ 1.12593212]]), array([[-0.49641715],
       [ 0.17294755],
       [ 1.17393226]]), array([[-0.51498088],
       [ 0.1672127 ],
       [ 1.16118544]]), array([[-0.5102484],
       [ 0.1372801],
       [ 1.1671445]]), array([[-0.50437153],
       [ 0.12721541],
       [ 1.17169871]]), array([[-0.50095869],
       [ 0.12356934],
       [ 1.17430886]]), array([[-0.49349153],
       [ 0.11961957],
       [ 1.17966733]]), array([[-0.43287185],
       [ 0.07169625],
       [ 1.21483642]]), array([[-0.18239456],
       [-0.05600902],
       [ 1.29426627]]), array([[ 0.00776026],
       [-0.2181033 ],
       [ 1.294315  ]]), array([[ 0.30554054],
       [-0.0668279 ],
       [ 1.28832923]]), array([[ 0.57588552],
       [ 0.12993058],
       [ 1.22024115]]), array([[ 0.68266725],
       [ 0.06880919],
       [ 1.1904262 ]]), array([[ 0.74598696],
       [ 0.0665692 ],
       [ 1.1584373 ]]), array([[ 0.81971536],
       [ 0.10143498],
       [ 1.11569124]]), array([[ 0.82314417],
       [ 0.20466773],
       [ 1.09000166]]), array([[ 0.79131143],
       [ 0.45546224],
       [ 1.03264632]]), array([[ 0.6480487 ],
       [ 0.73466752],
       [ 0.93452419]]), array([[ 0.39850076],
       [ 0.78016712],
       [ 0.98631422]]), array([[ 0.44677306],
       [ 0.72465457],
       [ 0.94036182]]), array([[ 0.36169758],
       [ 0.69676729],
       [ 0.87956887]]), array([[ 0.26552626],
       [ 0.62363177],
       [ 0.86268053]]), array([[ 0.17754814],
       [ 0.6665192 ],
       [ 0.78016173]]), array([[ 0.08773731],
       [ 0.61505661],
       [ 0.79840714]]), array([[-0.01656282],
       [ 0.56634573],
       [ 0.80414878]]), array([[-0.02680923],
       [ 0.56529238],
       [ 0.80020783]]), array([[-0.03792894],
       [ 0.57438874],
       [ 0.79149355]]), array([[-0.05096601],
       [ 0.57304164],
       [ 0.79137466]]), array([[-0.06544129],
       [ 0.56284243],
       [ 0.79489495]]), array([[-0.0706811 ],
       [ 0.54784176],
       [ 0.80539472]]), array([[-0.07185916],
       [ 0.55521559],
       [ 0.8054043 ]]), array([[-0.11124166],
       [ 0.55870651],
       [ 0.79994544]]), array([[-0.10717995],
       [ 0.40228575],
       [ 0.90131531]]), array([[-0.00779181],
       [ 0.05570018],
       [ 1.02309783]]), array([[ 0.07996428],
       [ 0.01731443],
       [ 1.03649733]]), array([[ 0.12841448],
       [ 0.0943083 ],
       [ 1.02490449]]), array([[ 0.23109043],
       [ 0.12017219],
       [ 1.02192377]]), array([[ 0.28318284],
       [ 0.11882178],
       [ 1.0143235 ]]), array([[ 0.3587192 ],
       [ 0.09198996],
       [ 0.99577983]]), array([[ 0.50536027],
       [-0.00423058],
       [ 0.94793779]]), array([[ 0.65951737],
       [ 0.12944005],
       [ 0.85247173]]), array([[ 0.74817299],
       [ 0.21493816],
       [ 0.77776774]]), array([[ 0.71559931],
       [ 0.45187549],
       [ 0.70211517]]), array([[ 0.54851269],
       [ 0.64120504],
       [ 0.66333405]]), array([[ 0.53291124],
       [ 0.63216121],
       [ 0.67682154]]), array([[ 0.51044951],
       [ 0.63712605],
       [ 0.68586117]]), array([[ 0.28119035],
       [ 0.72674511],
       [ 0.68774646]]), array([[ 0.12971077],
       [ 0.78400947],
       [ 0.62594845]]), array([[ 0.06503577],
       [ 0.75767244],
       [ 0.64838885]]), array([[-0.15024804],
       [ 0.61550626],
       [ 0.73509932]]), array([[-0.19304368],
       [ 0.55313587],
       [ 0.7645716 ]]), array([[-0.19635531],
       [ 0.54417758],
       [ 0.77478677]]), array([[-0.23562753],
       [ 0.49363387],
       [ 0.79548165]]), array([[-0.25959172],
       [ 0.41710467],
       [ 0.83555753]]), array([[-0.32255922],
       [ 0.3235011 ],
       [ 0.85148839]]), array([[-0.25245843],
       [ 0.16228576],
       [ 0.92871425]]), array([[ 0.01561276],
       [-0.01057093],
       [ 1.0171032 ]]), array([[ 0.16014509],
       [-0.18576114],
       [ 1.02536185]]), array([[ 0.32733859],
       [-0.28551273],
       [ 0.98490124]]), array([[ 0.60286134],
       [-0.05290693],
       [ 0.93258996]]), array([[ 0.75727499],
       [ 0.06094112],
       [ 0.84129125]]), array([[ 0.83862722],
       [ 0.10172534],
       [ 0.78019356]]), array([[ 0.8530611 ],
       [ 0.29953346],
       [ 0.69747643]]), array([[ 0.79873746],
       [ 0.44908678],
       [ 0.6567625 ]]), array([[ 0.69239742],
       [ 0.58523486],
       [ 0.62385298]]), array([[ 0.60559112],
       [ 0.6359689 ],
       [ 0.61635451]]), array([[ 0.57178064],
       [ 0.61977138],
       [ 0.65025381]]), array([[ 0.54027176],
       [ 0.61200369],
       [ 0.66990629]]), array([[ 0.55252494],
       [ 0.58591964],
       [ 0.69197075]]), array([[ 0.53948816],
       [ 0.5986401 ],
       [ 0.69158295]]), array([[ 0.52304812],
       [ 0.65439664],
       [ 0.65451957]]), array([[ 0.47148436],
       [ 0.73744019],
       [ 0.59715737]]), array([[ 0.28764557],
       [ 0.79314981],
       [ 0.62161376]]), array([[ 0.06140417],
       [ 0.75712637],
       [ 0.67614439]]), array([[-0.14718098],
       [ 0.72384938],
       [ 0.66492638]]), array([[-0.18324023],
       [ 0.71131652],
       [ 0.66203595]]), array([[-0.17431928],
       [ 0.66297309],
       [ 0.71994331]]), array([[-0.20792275],
       [ 0.45783938],
       [ 0.85519027]]), array([[-0.18528172],
       [ 0.33417639],
       [ 0.92186974]]), array([[-0.19756532],
       [ 0.31776481],
       [ 0.92343595]]), array([[-0.13282665],
       [ 0.10523312],
       [ 0.99354941]]), array([[ 0.04804132],
       [-0.11281014],
       [ 1.0289843 ]]), array([[ 0.35429914],
       [-0.04613166],
       [ 1.00271417]]), array([[ 0.5730565 ],
       [-0.15642692],
       [ 0.93060045]]), array([[ 0.83902845],
       [ 0.01389893],
       [ 0.80009623]]), array([[ 0.81794451],
       [ 0.24321456],
       [ 0.73950273]]), array([[ 0.78379942],
       [ 0.41121363],
       [ 0.67661877]]), array([[ 0.77840807],
       [ 0.48448072],
       [ 0.63570976]]), array([[ 0.71161716],
       [ 0.57635413],
       [ 0.61733242]]), array([[ 0.62507993],
       [ 0.65038271],
       [ 0.60803926]]), array([[ 0.42384186],
       [ 0.76424268],
       [ 0.65939174]]), array([[ 0.21999962],
       [ 0.76488447],
       [ 0.75663032]]), array([[ 0.12885084],
       [ 0.78384334],
       [ 0.75841121]]), array([[ 0.00076067],
       [ 0.8272518 ],
       [ 0.71165257]]), array([[-0.17220831],
       [ 0.73542754],
       [ 0.78823648]]), array([[-0.24350922],
       [ 0.62219208],
       [ 0.8920207 ]]), array([[-0.28325229],
       [ 0.45397326],
       [ 1.00409873]]), array([[-0.35955658],
       [ 0.32947096],
       [ 1.04185976]]), array([[-0.39115428],
       [ 0.24401662],
       [ 1.06850154]]), array([[-0.29687721],
       [ 0.09763017],
       [ 1.12753278]]), array([[-0.19742227],
       [-0.05593833],
       [ 1.15767978]]), array([[-0.15098601],
       [-0.12403615],
       [ 1.15671728]]), array([[-0.0103238 ],
       [-0.13962358],
       [ 1.16356246]]), array([[ 0.30098922],
       [-0.12933942],
       [ 1.15594525]]), array([[ 0.51407012],
       [-0.12731737],
       [ 1.10523976]]), array([[ 0.76844312],
       [ 0.02262547],
       [ 0.98589193]]), array([[ 0.88851845],
       [ 0.09638175],
       [ 0.88252348]]), array([[ 0.90069807],
       [ 0.30460582],
       [ 0.81536497]]), array([[ 0.83142133],
       [ 0.5079103 ],
       [ 0.77355076]]), array([[ 0.77237015],
       [ 0.54111635],
       [ 0.79456665]]), array([[ 0.67819579],
       [ 0.69191963],
       [ 0.7369718 ]]), array([[ 0.62504496],
       [ 0.77764621],
       [ 0.70554473]]), array([[ 0.52921227],
       [ 0.76644727],
       [ 0.7732851 ]]), array([[ 0.47669006],
       [ 0.58302426],
       [ 0.94918832]]), array([[ 0.36617999],
       [ 0.6361746 ],
       [ 0.94919109]]), array([[ 0.24159593],
       [ 0.708391  ],
       [ 0.90938726]]), array([[ 0.073439  ],
       [ 0.64763356],
       [ 0.95656778]]), array([[-0.04589349],
       [ 0.52434131],
       [ 1.02096822]]), array([[-0.04579806],
       [ 0.47376609],
       [ 1.04537761]]), array([[-0.08388103],
       [ 0.3626023 ],
       [ 1.08293926]]), array([[-0.06701437],
       [ 0.26078022],
       [ 1.12320538]]), array([[-0.03557976],
       [ 0.17595298],
       [ 1.15609164]]), array([[ 0.07175744],
       [ 0.1827019 ],
       [ 1.15687854]]), array([[ 0.22120344],
       [ 0.15545064],
       [ 1.13479615]]), array([[ 0.31133803],
       [ 0.07235628],
       [ 1.10610453]]), array([[ 0.43230131],
       [ 0.06901285],
       [ 1.03956053]]), array([[ 0.46167198],
       [ 0.28637243],
       [ 0.94246099]]), array([[ 0.45927018],
       [ 0.38446336],
       [ 0.85098937]]), array([[ 0.37395881],
       [ 0.46201124],
       [ 0.79765992]]), array([[ 0.28161438],
       [ 0.51451529],
       [ 0.78945879]]), array([[ 0.12114815],
       [ 0.59879803],
       [ 0.74854615]]), array([[ 0.03930523],
       [ 0.68767685],
       [ 0.68076985]]), array([[ 0.01370024],
       [ 0.55803611],
       [ 0.7926934 ]]), array([[-0.0734384 ],
       [ 0.47756703],
       [ 0.84262544]]), array([[-0.08058947],
       [ 0.44300806],
       [ 0.86139238]]), array([[-0.07074936],
       [ 0.4336355 ],
       [ 0.86930965]]), array([[-0.0086535 ],
       [ 0.32000129],
       [ 0.92503452]]), array([[ 0.0493192 ],
       [ 0.2969273 ],
       [ 0.93622958]]), array([[ 0.09722055],
       [ 0.22484014],
       [ 0.94874935]]), array([[ 0.21550449],
       [ 0.17452082],
       [ 0.95238458]]), array([[ 0.38509552],
       [ 0.24744901],
       [ 0.8960373 ]]), array([[ 0.48867289],
       [ 0.16394449],
       [ 0.87919035]]), array([[ 0.58627919],
       [ 0.04766487],
       [ 0.8463778 ]]), array([[ 0.69757185],
       [ 0.04017843],
       [ 0.7784858 ]]), array([[ 0.758953  ],
       [ 0.04005965],
       [ 0.74251089]]), array([[ 0.76079207],
       [ 0.07346099],
       [ 0.74357938]]), array([[ 0.74581501],
       [ 0.22597046],
       [ 0.71901172]]), array([[ 0.72186991],
       [ 0.32528926],
       [ 0.68672249]]), array([[ 0.68469936],
       [ 0.48912951],
       [ 0.61563971]]), array([[ 0.65668003],
       [ 0.50800915],
       [ 0.6228432 ]]), array([[ 0.51401917],
       [ 0.62203486],
       [ 0.64639386]]), array([[ 0.35010101],
       [ 0.63887146],
       [ 0.7179548 ]]), array([[ 0.24636382],
       [ 0.65521755],
       [ 0.73402181]]), array([[ 0.21309675],
       [ 0.67870367],
       [ 0.73752222]]), array([[ 0.09371696],
       [ 0.74342246],
       [ 0.69010857]]), array([[-0.07553703],
       [ 0.68068126],
       [ 0.72049158]]), array([[-0.1379064 ],
       [ 0.58985672],
       [ 0.78068534]]), array([[-0.13261012],
       [ 0.54087966],
       [ 0.81008266]]), array([[-0.13996848],
       [ 0.49906654],
       [ 0.81626203]]), array([[-0.12800254],
       [ 0.47821826],
       [ 0.82599623]]), array([[-0.13187162],
       [ 0.49146579],
       [ 0.81826487]]), array([[-0.12252674],
       [ 0.49031638],
       [ 0.82153698]]), array([[-0.08819786],
       [ 0.45889898],
       [ 0.84649428]]), array([[-0.07495061],
       [ 0.42196336],
       [ 0.85979736]]), array([[ 0.03013673],
       [ 0.17626521],
       [ 0.94757012]]), array([[ 0.09171992],
       [ 0.11239908],
       [ 0.95434532]]), array([[ 0.4383726 ],
       [ 0.06083239],
       [ 0.90636379]]), array([[ 0.67441614],
       [ 0.19841253],
       [ 0.78435115]]), array([[ 0.6453963 ],
       [ 0.46470259],
       [ 0.68787463]]), array([[ 0.59801071],
       [ 0.54507858],
       [ 0.69358042]]), array([[ 0.50062489],
       [ 0.62327093],
       [ 0.76486136]]), array([[ 0.39132152],
       [ 0.69154855],
       [ 0.8636232 ]]), array([[ 0.38378509],
       [ 0.21330112],
       [ 1.08941806]]), array([[ 0.50019619],
       [ 0.13612123],
       [ 1.06404447]]), array([[ 0.51495562],
       [ 0.03001478],
       [ 1.07499057]]), array([[ 0.53126201],
       [ 0.04766795],
       [ 1.06379256]]), array([[ 0.45524944],
       [ 0.09566585],
       [ 1.08109502]]), array([[ 0.33078415],
       [ 0.28171675],
       [ 1.11698178]]), array([[ 0.24856243],
       [ 0.21803738],
       [ 1.1496039 ]]), array([[-0.03777345],
       [ 0.21909568],
       [ 1.06305088]]), array([[-0.14195843],
       [ 0.10604132],
       [ 0.9886772 ]]), array([[-0.13690149],
       [ 0.10392106],
       [ 0.96829047]]), array([[-0.04754121],
       [ 0.03548553],
       [ 1.00727957]]), array([[ 0.3716145 ],
       [ 0.10197576],
       [ 1.06825955]]), array([[ 0.34951968],
       [ 0.54841392],
       [ 0.98838333]]), array([[ 0.19159894],
       [ 0.83141898],
       [ 0.83119807]]), array([[ 0.11510745],
       [ 0.8354888 ],
       [ 0.84409449]]), array([[ 0.0928249 ],
       [ 0.77594103],
       [ 0.90479193]]), array([[ 0.2150536 ],
       [ 0.47485546],
       [ 1.09440274]]), array([[ 0.36528491],
       [ 0.20311234],
       [ 1.13798294]]), array([[ 0.44805883],
       [ 0.39437628],
       [ 1.10174286]]), array([[ 0.52597965],
       [ 0.33537217],
       [ 1.0644068 ]]), array([[ 0.51177535],
       [ 0.40031447],
       [ 1.02641675]]), array([[ 0.4333679 ],
       [ 0.3835655 ],
       [ 1.05757182]]), array([[ 0.48232848],
       [ 0.34910903],
       [ 0.93017494]]), array([[ 0.43145494],
       [ 0.29838604],
       [ 0.99469536]]), array([[ 0.34072234],
       [ 0.40153637],
       [ 1.10838209]]), array([[-0.19287638],
       [ 0.34252231],
       [ 1.14038439]]), array([[-0.20416383],
       [ 0.24000306],
       [ 1.12611502]]), array([[-0.19983452],
       [ 0.22964033],
       [ 1.11354955]]), array([[ 0.21414345],
       [ 0.20439192],
       [ 1.18478246]]), array([[ 0.45776097],
       [ 0.18949325],
       [ 1.08618079]]), array([[ 0.58505161],
       [-0.04719811],
       [ 0.96072916]]), array([[ 0.58769591],
       [-0.15534822],
       [ 0.87976971]]), array([[ 0.63002555],
       [-0.16263973],
       [ 0.84236218]]), array([[ 0.55422029],
       [ 0.26802828],
       [ 0.93047931]]), array([[ 0.11174468],
       [ 0.3228722 ],
       [ 1.17415798]]), array([[-0.35995571],
       [ 0.36627488],
       [ 1.10487812]]), array([[-0.41159871],
       [ 0.26806124],
       [ 1.0813387 ]]), array([[-0.32080258],
       [ 0.34800687],
       [ 1.10077251]]), array([[ 0.04698849],
       [ 0.64951315],
       [ 1.07543092]]), array([[ 0.22348366],
       [ 0.88672844],
       [ 0.87037559]]), array([[-0.05830612],
       [ 1.01745854],
       [ 0.67936605]]), array([[-0.18637204],
       [ 0.94754316],
       [ 0.76157775]]), array([[-0.14639065],
       [ 0.66133363],
       [ 1.05029424]]), array([[-0.1319404 ],
       [ 0.45122022],
       [ 1.15048256]]), array([[-0.13730726],
       [ 0.43742406],
       [ 1.15741883]]), array([[-0.1474892 ],
       [ 0.47076962],
       [ 1.13027079]]), array([[ 0.02740654],
       [ 0.37517423],
       [ 1.15904975]]), array([[ 0.04883241],
       [ 0.26841648],
       [ 1.17732774]]), array([[ 0.41698242],
       [-0.00937643],
       [ 1.18353888]]), array([[ 0.63582278],
       [-0.11035567],
       [ 1.09239005]]), array([[ 0.67883887],
       [-0.09635545],
       [ 1.00935316]]), array([[ 0.63617408],
       [-0.03616744],
       [ 0.92331344]]), array([[ 0.61901158],
       [-0.06845316],
       [ 0.86709195]]), array([[ 0.59397135],
       [-0.03221815],
       [ 0.88602319]]), array([[ 0.60756755],
       [-0.04242843],
       [ 0.88138394]]), array([[ 0.5122706 ],
       [ 0.09039538],
       [ 0.88128732]]), array([[ 0.36485195],
       [ 0.13334888],
       [ 0.95715134]]), array([[ 0.35967749],
       [ 0.44656638],
       [ 1.06642616]]), array([[ 0.07331503],
       [ 0.57708439],
       [ 1.2045263 ]]), array([[-0.23536868],
       [ 0.67967926],
       [ 1.11099268]]), array([[-0.23884879],
       [ 0.55785812],
       [ 1.14465753]]), array([[-0.2879184 ],
       [ 0.51996245],
       [ 1.1306156 ]]), array([[-0.28161662],
       [ 0.51189725],
       [ 1.13177305]]), array([[-0.28718997],
       [ 0.51493674],
       [ 1.13656028]]), array([[-0.3054296 ],
       [ 0.51221838],
       [ 1.13253745]]), array([[-0.32325782],
       [ 0.39018063],
       [ 1.17547992]]), array([[-0.31814805],
       [ 0.29080171],
       [ 1.22336823]]), array([[-0.31546224],
       [ 0.05649177],
       [ 1.26154247]]), array([[-0.31053489],
       [ 0.05207043],
       [ 1.23163081]]), array([[-0.32978754],
       [ 0.03953216],
       [ 1.17525606]]), array([[-0.27559254],
       [ 0.05814451],
       [ 1.16353792]]), array([[-0.27195729],
       [ 0.14767786],
       [ 1.1346632 ]]), array([[-0.25392721],
       [ 0.2376209 ],
       [ 1.13118345]]), array([[-0.27457903],
       [ 0.49219748],
       [ 1.0782285 ]]), array([[-0.18116895],
       [ 0.63518073],
       [ 1.07790803]]), array([[-0.14553466],
       [ 0.85372966],
       [ 0.88523471]]), array([[-0.1242605 ],
       [ 0.72127875],
       [ 0.9273509 ]]), array([[-0.13477247],
       [ 0.70325988],
       [ 0.8867217 ]]), array([[-0.23481612],
       [ 0.61993854],
       [ 0.85270332]]), array([[-0.1966932 ],
       [ 0.63811239],
       [ 0.83875779]]), array([[-0.20677069],
       [ 0.58586748],
       [ 0.85881507]]), array([[-0.20929489],
       [ 0.56870834],
       [ 0.86971474]]), array([[-0.22034418],
       [ 0.53909275],
       [ 0.9000568 ]]), array([[-0.2881503 ],
       [ 0.42594718],
       [ 1.01885173]]), array([[-0.14672432],
       [ 0.35906077],
       [ 1.14564552]]), array([[-0.10965987],
       [ 0.4121456 ],
       [ 1.23276702]]), array([[ 0.04355749],
       [ 0.54534266],
       [ 1.24613923]]), array([[ 0.1875608 ],
       [ 0.32810635],
       [ 1.322603  ]]), array([[ 0.20230033],
       [ 0.22999021],
       [ 1.28072449]]), array([[ 0.3362188 ],
       [-0.31100423],
       [ 1.08440344]]), array([[ 0.27251974],
       [-0.08759483],
       [ 1.11455627]]), array([[ 0.55330618],
       [ 0.17575163],
       [ 1.08191318]]), array([[ 0.82382756],
       [ 0.19041952],
       [ 0.9478416 ]]), array([[ 1.00971316],
       [ 0.12474401],
       [ 0.79450216]]), array([[ 1.06362075],
       [ 0.31077967],
       [ 0.68716473]]), array([[ 0.86838892],
       [ 0.62301126],
       [ 0.68898073]]), array([[ 0.59360697],
       [ 0.82826244],
       [ 0.74659793]]), array([[ 0.13239782],
       [ 0.92185186],
       [ 0.86871375]]), array([[ 0.02044796],
       [ 0.96743658],
       [ 0.77973272]]), array([[-0.06906168],
       [ 0.82885418],
       [ 0.86624536]]), array([[-0.05442851],
       [ 0.77852592],
       [ 0.86970531]]), array([[-0.14517758],
       [ 0.691845  ],
       [ 0.88822379]]), array([[-0.13421739],
       [ 0.73227624],
       [ 0.86909177]]), array([[-0.13572877],
       [ 0.71575854],
       [ 0.88326133]]), array([[-0.14762185],
       [ 0.689527  ],
       [ 0.89389794]]), array([[-0.11073976],
       [ 0.46370691],
       [ 1.02327742]]), array([[ 0.08655306],
       [ 0.30892426],
       [ 1.14885835]]), array([[ 0.20115239],
       [ 0.31439884],
       [ 1.27224961]]), array([[ 0.13702172],
       [ 0.29410453],
       [ 1.37148884]]), array([[ 0.03668118],
       [ 0.38439204],
       [ 1.29905664]]), array([[ 0.04983759],
       [ 0.32304906],
       [ 1.26120082]]), array([[-0.08255248],
       [ 0.26014712],
       [ 1.27284189]]), array([[-0.147391  ],
       [ 0.17581079],
       [ 1.30283212]]), array([[-0.22331121],
       [ 0.176376  ],
       [ 1.2830823 ]]), array([[-0.20476331],
       [ 0.1229243 ],
       [ 1.26383011]]), array([[-0.04265455],
       [ 0.17221868],
       [ 1.18776477]]), array([[ 0.10410457],
       [ 0.21138791],
       [ 1.15899753]]), array([[ 0.12164678],
       [ 0.12192617],
       [ 1.17251329]]), array([[ 0.16594712],
       [ 0.24307998],
       [ 1.15704354]]), array([[ 0.26342709],
       [ 0.38211939],
       [ 1.0770175 ]]), array([[ 0.26985808],
       [ 0.35316152],
       [ 1.05775286]]), array([[ 0.25275836],
       [ 0.32684175],
       [ 1.07707058]]), array([[ 0.14063879],
       [ 0.29590629],
       [ 1.10733378]]), array([[ 0.01981911],
       [ 0.21316174],
       [ 1.1068601 ]]), array([[ 0.11455294],
       [ 0.27505084],
       [ 1.10190097]]), array([[ 0.20988791],
       [ 0.35956845],
       [ 1.08801239]]), array([[ 0.2248788 ],
       [ 0.37732656],
       [ 1.08502918]]), array([[ 0.1990707 ],
       [ 0.35369931],
       [ 1.09819979]]), array([[ 0.20323269],
       [ 0.34718392],
       [ 1.10243693]]), array([[ 0.19611225],
       [ 0.35043931],
       [ 1.09075059]]), array([[ 0.21133561],
       [ 0.34808374],
       [ 1.06465179]]), array([[ 0.18318818],
       [ 0.30595619],
       [ 1.05458821]])]
===== opencv end =====