===== please wait for opencv camera calibration using aprilgrid =====
ret : 

0.263950447883
Camera matrix : 

[[ 1043.44205592     0.           664.64595757]
 [    0.          1042.80498515   495.12359281]
 [    0.             0.             1.        ]]
dist : 

[[-0.31222465  0.16229878 -0.00013132  0.00023923 -0.0572915 ]]
rvecs : 

[array([[ 2.95645943],
       [ 0.01947304],
       [ 0.79393312]]), array([[-2.74830862],
       [ 0.15106062],
       [-0.14917868]]), array([[-2.76470372],
       [-0.79734832],
       [-0.76271248]]), array([[ 2.91305275],
       [ 0.14895169],
       [ 0.3440493 ]]), array([[ 3.09546049],
       [ 0.1185325 ],
       [ 0.26090805]]), array([[-2.65398756],
       [-0.88494689],
       [-0.97456955]]), array([[ 2.56609578],
       [ 0.1145791 ],
       [ 0.28333076]]), array([[-3.00630064],
       [ 0.44904678],
       [ 0.39532068]]), array([[-2.49576046],
       [ 0.23791165],
       [ 0.27113133]]), array([[-2.69637054],
       [-0.25415272],
       [-0.77899421]]), array([[-2.11999435],
       [-1.54987743],
       [-0.69893432]]), array([[ 2.79919434],
       [ 0.05818392],
       [ 1.21326141]]), array([[-2.19977424],
       [-1.62078037],
       [-0.73806394]]), array([[ 3.13095772],
       [-0.14686763],
       [-0.13105488]]), array([[ 3.28904957],
       [-0.02825531],
       [ 0.4941478 ]]), array([[ 3.28340678],
       [ 0.12136016],
       [-0.18373704]]), array([[-2.87484413],
       [-0.14962205],
       [ 0.44019923]]), array([[ 3.00607778],
       [ 0.19384141],
       [-0.24468144]]), array([[ 3.01293481],
       [ 0.21361695],
       [ 0.32578652]]), array([[ 3.19331182],
       [ 0.25721589],
       [ 0.53719004]]), array([[-2.87838426],
       [-0.22412795],
       [-0.83716163]]), array([[-3.14737068],
       [-0.09404533],
       [-0.13676762]]), array([[-2.64934894],
       [-0.0907783 ],
       [-1.18644135]]), array([[-2.36179146],
       [ 0.322803  ],
       [-0.1341727 ]]), array([[-2.41890794],
       [ 0.10657046],
       [ 0.17296066]]), array([[-2.56976446],
       [-0.53085089],
       [ 0.05501966]]), array([[-2.30274265],
       [-0.75183558],
       [-0.84966981]]), array([[-2.40916561],
       [-0.06824808],
       [-0.48438714]]), array([[-2.84904322],
       [ 0.05881758],
       [ 0.36252366]]), array([[-2.40211165],
       [ 0.42773812],
       [ 0.15518671]]), array([[-2.86418862],
       [ 0.10115846],
       [-0.53826161]]), array([[-2.78334168],
       [-0.07410664],
       [-0.49956717]]), array([[-2.64021131],
       [ 0.02330345],
       [-1.21072569]]), array([[ 2.75693421],
       [ 0.16556018],
       [ 0.25810087]]), array([[-2.93118339],
       [ 0.19868179],
       [ 0.24727339]]), array([[-2.77632134],
       [ 0.20788344],
       [ 0.57997368]]), array([[-2.78725266],
       [ 0.58703597],
       [ 0.57465613]]), array([[-2.76887784],
       [-0.03684878],
       [-0.77307716]]), array([[-2.35007481],
       [ 0.17514766],
       [-0.69575332]]), array([[-2.75978626],
       [ 0.25657948],
       [-0.11387648]]), array([[-3.03196503],
       [ 0.43149183],
       [-0.12100593]]), array([[-2.21938819],
       [ 1.57254828],
       [-0.27449984]]), array([[-2.77863187],
       [ 0.97494549],
       [ 0.22068536]]), array([[ 2.74305416],
       [-1.34689264],
       [ 0.14426843]]), array([[-2.55974459],
       [ 0.23726306],
       [ 0.05227728]]), array([[ 2.39966717],
       [-1.90411691],
       [ 0.59068704]]), array([[ 2.69070246],
       [-1.49280557],
       [ 0.84398979]]), array([[ 2.86651526],
       [-0.93385888],
       [ 0.13165884]]), array([[ 2.97454407],
       [-1.18430527],
       [ 0.51024852]]), array([[ 3.00173891],
       [-1.01616867],
       [-0.01949238]]), array([[-2.51544136],
       [ 1.06747384],
       [-0.8576704 ]]), array([[ 2.61718908],
       [ 1.84578614],
       [ 0.439211  ]]), array([[ 2.58479799],
       [ 1.92776246],
       [ 0.38536387]]), array([[-2.8542171 ],
       [-1.01651411],
       [-0.53080546]]), array([[-2.93051857],
       [-0.78053106],
       [ 0.01358193]]), array([[-2.62696847],
       [-0.26619312],
       [ 0.02163377]]), array([[-2.80148719],
       [-0.85070791],
       [-0.62595624]]), array([[ 2.96459932],
       [-0.21110962],
       [ 0.71907629]]), array([[ 2.99989852],
       [-0.71302249],
       [ 0.37026801]]), array([[-2.68621418],
       [ 0.95353312],
       [-0.40112796]]), array([[-2.56917304],
       [ 0.73823692],
       [-0.84559382]]), array([[-2.47241521],
       [ 0.9637519 ],
       [ 0.10080434]]), array([[-2.74356132],
       [ 1.13458312],
       [ 0.66748959]]), array([[-2.5867406 ],
       [ 1.16207582],
       [ 0.4770566 ]]), array([[ 2.84766194],
       [-0.71099601],
       [ 0.97487227]]), array([[ 2.96866404],
       [-0.97493748],
       [ 0.34473028]]), array([[-3.044428  ],
       [-0.54559447],
       [-0.42068687]]), array([[-2.58477935],
       [ 1.28812487],
       [ 0.09247154]]), array([[-2.50566304],
       [-0.90602905],
       [-1.11964325]]), array([[ 2.30613904],
       [ 0.22578131],
       [ 0.25340499]])]
tvecs : 

[array([[-0.53633441],
       [ 0.34956702],
       [ 0.5357165 ]]), array([[-0.48839477],
       [ 0.36503772],
       [ 0.72983807]]), array([[-0.34600424],
       [ 0.39873165],
       [ 0.53209672]]), array([[-0.54193011],
       [ 0.3308823 ],
       [ 0.48178153]]), array([[-0.36748933],
       [ 0.27632061],
       [ 1.28895788]]), array([[-0.28086969],
       [ 0.14989071],
       [ 1.03538172]]), array([[-0.6186455 ],
       [ 0.49281424],
       [ 1.16283248]]), array([[-0.2485296 ],
       [ 0.59816665],
       [ 1.38070438]]), array([[-0.40544171],
       [ 0.16531509],
       [ 0.91120006]]), array([[-0.15486043],
       [ 0.47612427],
       [ 0.54141701]]), array([[-0.14200136],
       [-0.16818962],
       [ 0.37439319]]), array([[-0.32393039],
       [ 0.35368239],
       [ 0.6540422 ]]), array([[-0.28320482],
       [-0.31659549],
       [ 1.17508072]]), array([[-0.38710907],
       [ 0.24270039],
       [ 1.39916466]]), array([[-0.92411465],
       [-0.03474858],
       [ 1.15998463]]), array([[-0.2627294 ],
       [-0.01102859],
       [ 1.37169998]]), array([[ 0.11634887],
       [-0.10987738],
       [ 1.32367091]]), array([[-0.17198877],
       [ 0.47735469],
       [ 1.24480163]]), array([[-0.73846913],
       [ 0.40828711],
       [ 1.11992261]]), array([[-0.87263677],
       [ 0.07146065],
       [ 1.08733528]]), array([[-0.73543747],
       [ 0.07974372],
       [ 0.85393779]]), array([[-0.19797464],
       [ 0.33522569],
       [ 1.03349152]]), array([[-0.29124815],
       [ 0.53478036],
       [ 0.39340422]]), array([[-0.55856759],
       [ 0.23638424],
       [ 0.78086982]]), array([[-0.24242794],
       [ 0.13588323],
       [ 0.77169706]]), array([[-0.33362916],
       [ 0.15436156],
       [ 0.67829019]]), array([[-0.45850856],
       [ 0.00652   ],
       [ 0.41344349]]), array([[-0.43891994],
       [ 0.37472747],
       [ 0.52671697]]), array([[-0.0338401 ],
       [-0.12830466],
       [ 1.63911377]]), array([[-0.35705622],
       [-0.20703923],
       [ 1.47461375]]), array([[-0.65285409],
       [ 0.28619905],
       [ 1.2985319 ]]), array([[-0.28893551],
       [ 0.15001533],
       [ 1.23026343]]), array([[-0.45158487],
       [ 0.23791675],
       [ 0.93559383]]), array([[-0.46576606],
       [ 0.30609492],
       [ 0.74476728]]), array([[-0.12807087],
       [ 0.28755729],
       [ 1.34374242]]), array([[ 0.2830556 ],
       [ 0.07154392],
       [ 1.31924711]]), array([[ 0.08418617],
       [ 0.14510626],
       [ 1.82685836]]), array([[-0.35103926],
       [ 0.09814455],
       [ 1.17237096]]), array([[-0.26358694],
       [ 0.12211262],
       [ 0.86985669]]), array([[-0.62945475],
       [ 0.08419868],
       [ 1.52266383]]), array([[-0.53815582],
       [ 0.42671464],
       [ 1.66028519]]), array([[-0.54019822],
       [ 0.33671699],
       [ 1.67379346]]), array([[ 0.07015457],
       [ 0.30972008],
       [ 1.74608829]]), array([[ 0.10777483],
       [ 0.50210736],
       [ 1.33293727]]), array([[-0.52687549],
       [ 0.36040919],
       [ 0.67581121]]), array([[-0.03335716],
       [ 0.43537994],
       [ 0.9547551 ]]), array([[-0.509902  ],
       [ 0.53000413],
       [ 1.4261107 ]]), array([[ 0.24304359],
       [ 0.54323832],
       [ 1.44642823]]), array([[-0.20558375],
       [ 0.30282111],
       [ 1.35579518]]), array([[ 0.32027873],
       [ 0.25061786],
       [ 1.30432556]]), array([[-0.73067484],
       [ 0.25859188],
       [ 1.17918606]]), array([[-0.09061945],
       [-0.44414695],
       [ 1.06703561]]), array([[-0.04548354],
       [-0.40458108],
       [ 1.05641087]]), array([[-0.71443189],
       [-0.0204114 ],
       [ 0.92582038]]), array([[-0.23130036],
       [ 0.09967509],
       [ 1.0464538 ]]), array([[-0.4873988 ],
       [ 0.11798489],
       [ 0.61972046]]), array([[-0.76388665],
       [-0.11355069],
       [ 0.86895146]]), array([[-0.20731806],
       [ 0.42651382],
       [ 1.14509703]]), array([[-0.34809071],
       [ 0.47724397],
       [ 1.43245678]]), array([[-0.2856371 ],
       [ 0.57914495],
       [ 0.87282845]]), array([[-0.19450746],
       [ 0.3601696 ],
       [ 0.75065735]]), array([[-0.14790378],
       [ 0.33599844],
       [ 0.96971107]]), array([[-0.02543841],
       [ 0.38931014],
       [ 0.97560702]]), array([[-0.20618904],
       [ 0.62889063],
       [ 0.87412007]]), array([[ 0.00524322],
       [ 0.39425955],
       [ 0.42684915]]), array([[-0.25259823],
       [ 0.40238262],
       [ 1.16635676]]), array([[-0.51300283],
       [ 0.20791788],
       [ 0.87128048]]), array([[ 0.00887581],
       [ 0.52206032],
       [ 0.87817623]]), array([[-0.45961661],
       [ 0.33002183],
       [ 0.48603485]]), array([[-0.69733366],
       [ 0.3491565 ],
       [ 0.68013098]])]
===== opencv end =====