                            ===== please wait for opencv camera calibration using aprilgrid =====
Camera matrix : 

[[ 977.30332833    0.          668.61445031]
 [   0.          978.96299239  500.8935061 ]
 [   0.            0.            1.        ]]
dist : 

[[-0.11461281  0.12946814  0.00142667 -0.00148431 -0.04617706]]
rvecs : 

[array([[ 2.91934425],
       [-0.33888862],
       [-0.11638152]]), array([[ 3.16276444],
       [ 0.05376287],
       [-0.01038581]]), array([[ 2.0464067 ],
       [ 1.94768573],
       [-0.26198287]]), array([[ 2.92555092],
       [-0.57884984],
       [-0.15753912]]), array([[ 2.88247162],
       [-0.52890764],
       [-0.47268036]]), array([[ 2.92111982],
       [-0.20694614],
       [-0.42359637]]), array([[ 2.99758694],
       [-0.05876049],
       [ 0.35700059]]), array([[ 2.97980189],
       [ 0.05559871],
       [ 0.73769912]]), array([[ 3.09208885],
       [ 0.12989494],
       [ 0.2303761 ]]), array([[ 3.05267914],
       [ 0.19533563],
       [ 0.53106417]]), array([[ 2.81674761],
       [ 0.04260388],
       [ 0.5198299 ]]), array([[-3.02934079],
       [ 0.10231339],
       [-0.05556043]]), array([[ 2.99510318],
       [-0.23865692],
       [-0.12863016]]), array([[-2.75399406],
       [-0.07907452],
       [-0.36640986]]), array([[-2.68176776],
       [-0.14025839],
       [-0.28337429]]), array([[-2.7392749 ],
       [-0.17865621],
       [-0.42015883]]), array([[-2.81231987],
       [-0.23520818],
       [-0.49731044]]), array([[-2.78083674],
       [-0.16176688],
       [-0.25673887]]), array([[-2.72639864],
       [-0.24744171],
       [-0.57350675]]), array([[-2.76714285],
       [-0.15862411],
       [-0.20589935]]), array([[-3.0323712 ],
       [-0.10236095],
       [ 0.05616128]]), array([[-2.52973133],
       [-0.13496067],
       [-0.10230734]]), array([[-2.62450632],
       [-0.22512019],
       [ 0.08844936]]), array([[ 2.90471276],
       [-1.06184594],
       [-0.08052564]]), array([[-2.61249976],
       [-0.23862788],
       [-0.03059353]]), array([[-2.80839978],
       [-0.46685487],
       [ 0.13867284]]), array([[ 2.76896548],
       [ 0.15450947],
       [-0.14699663]]), array([[ 2.68065265],
       [ 0.44019855],
       [-0.11950039]]), array([[ 2.78223397],
       [ 0.47627366],
       [ 0.0791612 ]]), array([[ 2.85015546],
       [ 0.10742509],
       [ 0.13319256]]), array([[ 2.80322613],
       [-0.01893455],
       [-0.40278191]]), array([[-2.93117141],
       [ 0.00932544],
       [ 0.79666397]]), array([[ 2.68930051],
       [-0.03289597],
       [-0.59047932]]), array([[-2.93734064],
       [ 0.08080267],
       [ 0.56283088]]), array([[ 2.96865887],
       [-0.24325497],
       [ 0.29843283]]), array([[-2.86762223],
       [-0.1865805 ],
       [-0.45264197]]), array([[-2.62253315],
       [ 0.18923198],
       [-0.36843947]]), array([[-2.44779451],
       [-0.01006951],
       [ 0.41785626]]), array([[-1.62143787],
       [-2.19440744],
       [-0.80025331]]), array([[ 3.04314597],
       [ 0.76047641],
       [-0.026319  ]]), array([[ 3.1025561 ],
       [ 0.18272817],
       [ 0.13635854]]), array([[ 2.66958862],
       [ 0.09606925],
       [ 0.04035611]]), array([[ 2.80810038],
       [-0.33200917],
       [-0.70095974]]), array([[-2.63243198],
       [ 0.02058657],
       [ 0.18315503]]), array([[-2.83946311],
       [-0.28123246],
       [-0.30716161]]), array([[ 2.91578019],
       [-0.58780143],
       [-0.24366883]]), array([[-2.90388513],
       [-0.60308761],
       [-0.49618405]]), array([[ 2.93381437],
       [ 0.09369266],
       [ 0.46499191]]), array([[ 2.91654615],
       [-0.01944832],
       [ 0.35490395]]), array([[ 2.96725179],
       [-0.06562627],
       [ 0.07637098]]), array([[ 2.9534328 ],
       [ 0.00686914],
       [ 0.00780085]]), array([[ 2.95900116],
       [ 0.12492935],
       [ 0.51176038]]), array([[-3.05532298],
       [ 0.1693157 ],
       [-0.11272352]]), array([[-2.97697311],
       [-0.20708247],
       [-0.6293013 ]]), array([[-2.99355791],
       [-0.11885896],
       [-0.29939867]]), array([[-2.62643452],
       [-1.28385969],
       [-0.28850111]]), array([[ 3.0729917 ],
       [-0.49855551],
       [-0.06868645]]), array([[-2.94177689],
       [-0.26643943],
       [-0.49745621]]), array([[-2.94812056],
       [-0.26310038],
       [-0.65033246]]), array([[-2.98873801],
       [-0.15110801],
       [ 0.55116557]]), array([[ 2.78326196],
       [ 0.34527044],
       [-0.20668187]]), array([[ 2.85147285],
       [ 0.20221518],
       [-0.0480551 ]]), array([[ 2.70827663],
       [ 0.03825016],
       [-0.27360962]]), array([[-2.67003607],
       [-0.03701381],
       [ 0.17577019]]), array([[-2.72680387],
       [-0.13851548],
       [-0.04567958]]), array([[-2.72479126],
       [-0.10474952],
       [ 0.38696353]]), array([[-2.72214987],
       [-0.20750264],
       [ 0.13053601]]), array([[ 2.82418079],
       [-0.21121585],
       [ 0.09766802]]), array([[-3.00775584],
       [-0.11117133],
       [ 0.13380556]]), array([[ 2.81360089],
       [ 0.31499415],
       [-0.26206605]]), array([[ 3.03620933],
       [ 0.21677526],
       [-0.78860966]]), array([[ 3.08235058],
       [ 0.16345134],
       [-0.5379278 ]]), array([[ 2.99273846],
       [ 0.11174096],
       [-0.96764378]]), array([[-2.69391518],
       [-0.19874669],
       [ 0.6438846 ]]), array([[-2.74610071],
       [-0.38763787],
       [ 0.42069513]]), array([[ 2.8033947 ],
       [-0.02778125],
       [-0.04276638]]), array([[ 2.87195427],
       [-0.18194201],
       [ 0.16379277]]), array([[-2.79832757],
       [-0.2701519 ],
       [ 0.00288398]]), array([[ 3.01304537],
       [-0.06327726],
       [-0.63018761]]), array([[-2.94020788],
       [-0.10042383],
       [ 0.82147737]]), array([[-2.9455636 ],
       [-0.09713435],
       [-0.7370588 ]]), array([[-2.35429952],
       [-0.10562285],
       [-0.2655014 ]]), array([[ 2.58905262],
       [ 0.1956171 ],
       [ 0.11081046]]), array([[-2.25989724],
       [-2.03102933],
       [-0.29878827]]), array([[-3.07531555],
       [-0.13719839],
       [-0.00547076]]), array([[-2.57306417],
       [-0.06142912],
       [-0.13676875]]), array([[-2.68645193],
       [-0.28389587],
       [ 0.32438918]]), array([[ 2.50893519],
       [ 0.37618176],
       [-0.18202815]]), array([[ 2.81662882],
       [ 0.13215495],
       [-0.05982235]]), array([[ 3.03141369],
       [ 0.23660416],
       [ 0.20227694]]), array([[ 2.09728368],
       [ 2.01131941],
       [ 0.39563938]]), array([[ 2.80503132],
       [-0.21053245],
       [-0.00203616]]), array([[-2.28440072],
       [-2.02464049],
       [-0.11020513]]), array([[ 3.08375141],
       [ 0.41394174],
       [ 0.42550008]]), array([[-1.91655246],
       [-2.19867764],
       [-0.17205015]]), array([[ 2.79756279],
       [ 0.31392474],
       [ 0.81938786]]), array([[ 2.86912112],
       [ 0.06690563],
       [ 0.35252124]]), array([[-2.9621818 ],
       [-0.09100221],
       [-0.73441901]]), array([[-3.01774714],
       [ 0.05279598],
       [ 0.77945653]]), array([[-3.0795903 ],
       [-0.05630077],
       [ 0.53534418]])]
tvecs : 

[array([[-0.25819121],
       [ 0.44095555],
       [ 0.69472019]]), array([[-0.6324183 ],
       [ 0.0605654 ],
       [ 1.61003901]]), array([[-0.42455052],
       [-0.29475661],
       [ 1.70749742]]), array([[-0.50682037],
       [ 0.40971588],
       [ 1.56041305]]), array([[-0.11373641],
       [ 0.53056712],
       [ 1.59844973]]), array([[-0.30562159],
       [ 0.45774732],
       [ 1.57715918]]), array([[-0.54696241],
       [ 0.40891576],
       [ 2.19696227]]), array([[-0.97553649],
       [ 0.27695249],
       [ 2.02647355]]), array([[-0.21375093],
       [ 0.2448832 ],
       [ 2.19739245]]), array([[-0.71197129],
       [ 0.20505105],
       [ 2.10218852]]), array([[-0.61748298],
       [ 0.32873045],
       [ 2.10161958]]), array([[-0.02885668],
       [ 0.18311317],
       [ 2.14820837]]), array([[-0.23991982],
       [ 0.39058259],
       [ 1.16776   ]]), array([[-0.49337353],
       [ 0.21767507],
       [ 2.17813349]]), array([[-0.28416484],
       [ 0.02372879],
       [ 2.19408621]]), array([[-0.6432748 ],
       [ 0.08574165],
       [ 2.03794611]]), array([[-0.7175064 ],
       [ 0.2683418 ],
       [ 1.99024966]]), array([[-0.30808304],
       [ 0.1406928 ],
       [ 2.07640798]]), array([[-0.83049008],
       [ 0.13190011],
       [ 1.98753697]]), array([[-0.22864988],
       [ 0.10616804],
       [ 2.12175322]]), array([[-0.37413584],
       [ 0.19084431],
       [ 1.35924443]]), array([[-0.52386163],
       [ 0.05492324],
       [ 1.37901242]]), array([[-0.29524797],
       [ 0.16026692],
       [ 1.40162821]]), array([[-0.08498566],
       [ 0.35462906],
       [ 1.22254289]]), array([[-0.42373861],
       [ 0.10904358],
       [ 1.37875601]]), array([[-0.36027659],
       [ 0.2116912 ],
       [ 1.39066298]]), array([[-0.38230305],
       [ 0.15700797],
       [ 1.26767378]]), array([[-0.36211298],
       [ 0.16288543],
       [ 1.27340625]]), array([[-0.52216959],
       [-0.01145887],
       [ 1.22728227]]), array([[-0.40411098],
       [ 0.13565493],
       [ 1.29974229]]), array([[-0.22146748],
       [ 0.20884403],
       [ 1.33492611]]), array([[-0.20227826],
       [ 0.1287301 ],
       [ 1.37533536]]), array([[-0.31819286],
       [ 0.244374  ],
       [ 1.37610272]]), array([[-0.25587204],
       [ 0.51220885],
       [ 1.23958261]]), array([[-0.47581723],
       [ 0.41862833],
       [ 1.07284055]]), array([[-0.34640361],
       [ 0.22786727],
       [ 1.03322401]]), array([[-0.2175661 ],
       [ 0.25216258],
       [ 1.1139444 ]]), array([[-0.19008767],
       [ 0.2457576 ],
       [ 0.959086  ]]), array([[-0.13315002],
       [-0.29837039],
       [ 0.64158187]]), array([[-0.45440254],
       [ 0.02032881],
       [ 0.77743111]]), array([[-0.38747848],
       [ 0.29694773],
       [ 0.66419943]]), array([[-0.39707437],
       [ 0.15628242],
       [ 0.87845119]]), array([[-0.20599769],
       [ 0.25428956],
       [ 0.86598877]]), array([[-0.26276507],
       [ 0.26279609],
       [ 1.00956107]]), array([[-0.37437558],
       [ 0.05813709],
       [ 1.17479242]]), array([[-0.2420183 ],
       [ 0.58741857],
       [ 1.58103719]]), array([[-0.61878425],
       [-0.03764064],
       [ 2.02637728]]), array([[-0.77499084],
       [ 0.06953228],
       [ 1.86109209]]), array([[-0.62876754],
       [ 0.18711604],
       [ 1.89768488]]), array([[-0.21967648],
       [ 0.12869649],
       [ 1.95856012]]), array([[-0.07976296],
       [ 0.12758976],
       [ 1.96067834]]), array([[-0.75753667],
       [-0.01722426],
       [ 1.84025482]]), array([[ 0.10592349],
       [ 0.15693938],
       [ 1.98079974]]), array([[-0.75877399],
       [ 0.23098354],
       [ 1.78896645]]), array([[-0.30227779],
       [ 0.17886786],
       [ 1.89764352]]), array([[-0.33042269],
       [-0.16392151],
       [ 1.67698743]]), array([[-0.37774409],
       [ 0.31088413],
       [ 1.86831236]]), array([[-0.39598002],
       [-0.02554266],
       [ 2.03335001]]), array([[-0.67620823],
       [ 0.06774321],
       [ 1.90094875]]), array([[-0.09773164],
       [ 0.1475377 ],
       [ 1.71480813]]), array([[-0.35126892],
       [ 0.13844913],
       [ 1.55430306]]), array([[-0.56470796],
       [ 0.08938778],
       [ 1.50969421]]), array([[-0.30545655],
       [ 0.39857999],
       [ 1.54078487]]), array([[-0.29235817],
       [ 0.15492418],
       [ 1.60870413]]), array([[-0.59105314],
       [ 0.22378688],
       [ 1.49618171]]), array([[-0.04396644],
       [ 0.24982177],
       [ 1.5734907 ]]), array([[-0.37895645],
       [ 0.28804581],
       [ 1.30034602]]), array([[-0.35714921],
       [ 0.50775163],
       [ 0.91826573]]), array([[-0.34500238],
       [ 0.07024778],
       [ 1.21242587]]), array([[-0.34710739],
       [ 0.02121685],
       [ 1.24461345]]), array([[-0.37749313],
       [ 0.10959034],
       [ 1.88100855]]), array([[-0.671556  ],
       [ 0.15260961],
       [ 1.77439213]]), array([[-0.12247843],
       [ 0.1786114 ],
       [ 1.86910601]]), array([[-0.16098027],
       [ 0.15587379],
       [ 1.79143513]]), array([[-0.5117419 ],
       [ 0.09521839],
       [ 1.68841852]]), array([[-0.37578541],
       [ 0.25742458],
       [ 1.39685657]]), array([[-0.58868265],
       [ 0.21670737],
       [ 1.31160036]]), array([[-0.41884991],
       [ 0.20663146],
       [ 1.25904617]]), array([[-0.16771173],
       [ 0.25673447],
       [ 1.69684091]]), array([[-0.27735553],
       [ 0.15949814],
       [ 1.05506183]]), array([[-0.25233974],
       [ 0.11279904],
       [ 0.71985858]]), array([[-0.41457228],
       [ 0.13994596],
       [ 0.7257051 ]]), array([[-0.35980587],
       [ 0.14784506],
       [ 0.63401213]]), array([[-0.35803614],
       [-0.36705484],
       [ 0.9816245 ]]), array([[-0.32258428],
       [ 0.24439108],
       [ 1.26336484]]), array([[-0.36834792],
       [ 0.15190313],
       [ 1.2453468 ]]), array([[-0.33822708],
       [ 0.30518927],
       [ 1.13106364]]), array([[-0.45124725],
       [ 0.14088149],
       [ 0.97152141]]), array([[-0.41301963],
       [ 0.12036608],
       [ 1.44077588]]), array([[-0.61372183],
       [ 0.20179681],
       [ 1.22367156]]), array([[-0.11626657],
       [-0.46296306],
       [ 1.37997907]]), array([[-0.48185564],
       [ 0.26299503],
       [ 1.38170215]]), array([[-0.22156587],
       [-0.38067089],
       [ 1.31058415]]), array([[-0.68078099],
       [ 0.17128335],
       [ 1.78680841]]), array([[ 0.05293019],
       [-0.58987441],
       [ 1.83935559]]), array([[-0.94481183],
       [ 0.23549164],
       [ 1.90853332]]), array([[-0.23803295],
       [ 0.3827137 ],
       [ 2.10443458]]), array([[-0.40023815],
       [ 0.08881087],
       [ 2.16041528]]), array([[-0.08528255],
       [ 0.24720243],
       [ 1.93055826]]), array([[-0.42513223],
       [ 0.22799388],
       [ 1.85066037]])]
@@@ opencv end